ロンドン,0,1,1,4,1
ドーバー,1,2,1,4,1
プリマス,1,2,1,4,1
ダブリン,1,0,0,4,1
エディンバラ,1,2,1,4,1
ナント,1,2,5,5,1
ボルドー,1,2,5,5,1
カレー,1,2,5,5,1
アントワープ,1,0,2,3,1
ヘルデル,1,2,4,3,1
アムステルダム,0,1,4,3,1
ハンブルグ,1,0,0,2,1
ベルゲン,1,0,0,1,1
オスロ,1,0,0,1,1
コペンハーゲン,1,0,0,1,1
リューベック,1,0,0,1,1
ストックホルム,1,0,0,1,1
リガ,1,0,0,1,1
ヒホン,1,2,2,6,1
オポルト,1,2,3,6,1
ファロ,1,2,3,6,1
リスボン,0,1,3,6,1
セビリア,0,1,2,6,1
セウタ,1,0,3,6,1
マラガ,1,2,2,6,1
カサブランカ,1,0,0,6,1
マディラ,1,2,3,6,1
ラスパルマス,1,2,2,6,1
アルギン,1,0,0,13,1
バレンシア,1,2,2,6,1
パルマ,1,2,2,6,1
バルセロナ,1,2,2,6,1
モンペリエ,1,2,5,6,1
マルセイユ,0,1,5,8,1
ジェノヴァ,1,0,0,8,1
カルヴィ,1,0,0,8,1
サッサリ,1,0,0,8,1
カリアリ,1,0,0,8,1
ピサ,1,0,0,8,1
アルジェ,3,2,7,12,1
チュニス,3,0,0,12,1
トリポリ,3,0,0,12,1
ナポリ,1,0,0,8,1
シラクサ,1,0,0,8,1
アンコナ,1,0,0,8,1
ヴェネツィア,0,1,6,8,1
トリエステ,1,2,6,8,1
ザダール,1,2,6,8,1
ラグーザ,1,2,6,8,1
カンディア,1,0,0,9,1
アテネ,1,0,0,9,1
サロニカ,1,0,0,9,1
ファマガスタ,1,0,0,9,1
アレクサンドリア,3,2,7,12,1
カイロ,3,0,0,12,1
ヤッファ,3,0,0,11,1
ベイルート,3,0,0,11,1
イスタンブール,2,1,7,10,1
カッファ,3,2,7,10,1
トレビゾント,3,2,7,10,1
カーボヴェルデ,1,0,0,13,1
シエラレオネ,1,0,0,13,1
アビジャン,1,0,0,13,1
サンジョルジュ,1,0,0,13,1
サントメ,1,0,0,13,1
ルアンダ,1,0,0,13,1
カリビブ,1,0,0,13,1
ケープ,1,0,0,13,1
ソファラ,1,0,0,14,1
モザンビーク,1,0,0,14,1
モンバサ,1,0,0,14,1
タマタブ,1,0,0,14,1
ザンジバル,1,0,0,14,1
モガディシオ,1,0,0,14,1
アデン,3,0,0,15,1
マッサワ,3,0,0,15,1
スエズ,3,0,0,15,1
マスカット,3,0,0,15,1
ホルムズ,3,0,0,16,1
バスラ,3,0,0,16,1
ディヴ,1,0,0,17,1
ゴア,1,0,3,17,1
カリカット,1,0,0,17,1
コチン,1,0,0,17,1
セイロン,1,0,0,17,1
ポンディシェリ,1,0,0,17,1
マスリパタム,1,0,0,17,1
カルカッタ,1,0,0,17,1
サンフアン,1,0,0,21,1
サントドミンゴ,1,0,2,21,1
ジャマイカ,1,0,0,21,1
サンティアゴ,1,0,0,21,1
ハバナ,1,0,0,21,1
フローニンゲン,1,2,4,3,1
ダンツィヒ,1,0,0,1,1
ベンガジ,3,0,0,12,1
オデッサ,3,0,0,10,1
ベンゲラ,1,0,0,13,1
ナタール,1,0,0,14,1
キルワ,1,0,0,14,1
ソコトラ,3,0,0,15,1
ジェッダ,3,0,0,15,1
カイエンヌ,1,2,5,22,1
ペルナンブコ,1,2,3,22,1
セヴァストポリ,3,0,0,10,1
ヴィスビー,1,0,0,1,1
ブレーメン,1,0,0,2,1
ベニン,1,0,0,13,1
ドゥアラ,1,0,0,13,1
マリンディ,1,0,0,14,1
セイラ,3,0,0,15,1
ジョファール,3,0,0,15,1
ポルトベロ,1,0,0,22,1
アゾレス,1,2,3,7,1
メリダ,1,0,0,22,1
ヴェラクルス,1,0,0,22,1
ナッソー,1,3,0,21,1
バイーア,1,0,0,22,1
リオデジャネイロ,1,0,0,22,1
ブエノスアイレス,1,0,0,22,1
サンアントニオ,1,0,0,22,1
グランドケイマン,1,2,1,21,1
トルヒーヨ,1,2,2,22,1
カラカス,1,2,6,22,1
ウィレムスタッド,1,2,4,21,1
マラカイボ,1,0,0,22,1
アチン,1,0,0,19,1
ジャカルタ,1,0,0,19,1
スラバヤ,1,0,0,19,1
パタニ,1,0,0,19,1
パレンバン,1,0,0,19,1
バンジェルマシン,1,0,0,19,1
ペグー,1,0,0,18,1
マカッサル,1,0,0,19,1
マラッカ,1,0,0,19,1
ヤーデイン,1,0,0,18,1
ルン,1,0,0,18,1
マニラ,1,0,0,18,1
ブルネイ,1,0,0,19,1
ダバオ,1,0,0,18,1
ロッブリー,1,0,0,18,1
クチン,1,0,0,19,1
ディリ,1,0,0,18,1
ジャンビ,1,0,0,19,1
アンボイナ,1,0,0,18,1
テルナーテ,1,0,0,18,1
ホロ,1,3,0,18,1
カカドゥ,1,0,0,20,1
ホバート,1,0,0,20,1
ワンガヌイ,1,0,0,20,1
ウシュアイア,1,-1,0,0,1
クガリ,1,0,0,20,1
ピンジャラ,1,0,0,20,1
アカプルコ,1,0,0,23,1
グァテマラ,1,0,0,23,1
パナマ,1,0,0,23,1
トゥンベス,1,0,0,23,1
ランバイェケ,1,0,0,23,1
リマ,1,0,0,23,1
コピアポ,1,0,0,23,1
バルパライソ,1,0,0,23,1
グアム,1,0,0,20,1
サマライ,1,0,0,20,1
ヒバオア,1,0,0,23,1
長崎,1,-1,0,25,1
江戸,1,-1,0,25,1
堺,1,-1,0,25,1
浦項,1,-1,0,27,1
釜山,1,-1,0,27,1
漢陽,1,-1,0,27,1
雲台山,1,-1,0,24,1
杭州,1,-1,0,24,1
重慶,1,-1,0,24,1
泉州,1,-1,0,24,1
澳門,1,-1,0,24,1
淡水,1,-1,0,26,1
安平,1,-1,0,26,1
ヌーベルフランス1,1,-1,0,28,0
ヌーベルフランス2,1,-1,0,28,0
ヌーベルフランス3,1,-1,0,28,1
ヌーベルフランス4,1,-1,0,28,0
ニューイングランド1,1,-1,0,28,0
ニューイングランド2,1,-1,0,28,1
ニューイングランド3,1,-1,0,28,0
ニューイングランド4,1,-1,0,28,0
ニューネーデルラント1,1,-1,0,28,1
ニューネーデルラント2,1,-1,0,28,0
バージニア1,1,-1,0,28,1
バージニア2,1,-1,0,28,0
カロライナ1,1,-1,0,28,1
カロライナ2,1,-1,0,28,0
ジョージア1,1,-1,0,28,1
ジョージア2,1,-1,0,28,0
