アムステルダム,29,733,1,32,オランダ語,,3,8,-1,6,-1
アントワープ,15,740,1,33,オランダ語,,0,-10,6,-10,6
ヴィスビー,248,616,1,108,ノルド語,,0,6,-5,6,-5
オスロ,144,570,1,37,ノルド語,,0,5,-4,3,-2
コペンハーゲン,152,647,1,38,ノルド語,,0,12,-6,12,-6
ストックホルム,246,579,1,40,ノルド語,,1,-4,-2,-2,-2
ダンツィヒ,252,679,1,95,ドイツ語,,0,8,2,8,2
ハンブルグ,105,695,1,36,ドイツ語,,0,-1,-6,0,-4
ブレーメン,67,702,1,107,ドイツ語,,0,2,0,2,0
フローニンゲン,43,719,1,94,オランダ語,,0,6,-2,5,-2
ベルゲン,71,571,1,35,ノルド語,,0,6,-2,4,-2
ヘルデル,19,724,1,34,オランダ語,英語,0,-2,-14,-2,-6
リガ,314,629,1,41,スラブ諸語,,0,2,4,2,4
リューベック,140,685,1,39,ドイツ語,,0,0,1,0,1
エディンバラ,4740,621,2,28,英語,ケルト語,0,6,0,6,0
ダブリン,4693,665,2,29,英語,,0,0,-4,2,-3
ドーバー,4773,726,2,27,英語,オランダ語,0,2,1,4,2
プリマス,4704,727,2,25,英語,,0,-8,2,-8,2
ロンドン,4774,704,2,24,英語,,3,-5,-6,-5,-6
カレー,4771,751,3,26,フランス語,,0,-5,7,-5,7
ナント,4712,799,3,31,フランス語,,0,4,2,3,2
ボルドー,4714,829,3,30,フランス語,,0,5,0,3,0
オポルト,4614,912,4,2,ポルトガル語,,0,4,-2,4,-2
カサブランカ,4614,1010,4,4,ポルトガル語,アラビア語,0,0,5,0,5
セウタ,4668,985,4,7,ポルトガル語,,0,0,6,0,6
セビリア,4652,954,4,5,スペイン語,,3,0,0,0,0
バルセロナ,4784,906,4,9,スペイン語,,0,-10,-10,-10,-6
パルマ,4766,940,4,10,スペイン語,,0,0,-10,0,-8
バレンシア,4729,924,4,8,スペイン語,,0,-12,-10,-18,-5
ヒホン,4636,858,4,23,スペイン語,ポルトガル語,0,1,6,1,6
ファロ,4622,953,4,3,ポルトガル語,スペイン語,0,2,-5,2,-4
マディラ,4527,1008,4,21,ポルトガル語,,0,0,8,0,8
マラガ,4695,956,4,6,スペイン語,,0,2,-8,2,-8
モンペリエ,11,878,4,14,フランス語,,0,-12,-10,-20,-4
ラスパルマス,4535,1072,4,22,スペイン語,,0,0,8,0,8
リスボン,4620,937,4,1,ポルトガル語,,3,0,-4,0,-4
アンコナ,168,856,5,55,イタリア語,,0,2,2,2,2
ヴェネツィア,157,819,5,53,イタリア語,アラビア語,3,0,-16,0,-5
カリアリ,98,926,5,20,イタリア語,スペイン語,0,5,2,5,2
カルヴィ,89,871,5,15,イタリア語,フランス語,0,0,0,0,0
ザダール,213,851,5,57,イタリア語,,0,6,-3,5,-3
サッサリ,79,907,5,19,イタリア語,スペイン語,0,-4,-2,-4,-2
ジェノヴァ,89,852,5,12,イタリア語,,3,0,-8,0,-4
シラクサ,179,946,5,59,イタリア語,,0,8,6,8,6
トリエステ,190,823,5,56,イタリア語,,0,6,-2,4,-2
ナポリ,181,910,5,58,イタリア語,アラビア語,3,0,5,0,5
ピサ,108,862,5,13,イタリア語,,0,12,-8,12,-4
マルセイユ,37,867,5,11,フランス語,,3,0,-16,0,-5
ラグーザ,235,869,5,54,イタリア語,,0,7,-3,7,-3
アテネ,318,949,6,45,ギリシャ語,トルコ語,3,-4,5,-4,5
カンディア,336,985,6,50,イタリア語,ギリシャ語,0,0,8,0,8
サロニカ,303,908,6,49,ギリシャ語,トルコ語,0,-5,0,0,0
ファマガスタ,448,988,6,51,ギリシャ語,トルコ語,0,-2,12,-2,12
アルジェ,13,962,7,18,アラビア語,,0,2,9,2,9
アレクサンドリア,392,1038,7,46,アラビア語,古代エジプト語,3,-4,4,-2,4
イスタンブール,375,891,7,42,アラビア語,トルコ語,3,-8,-2,-6,-2
オデッサ,402,823,7,96,トルコ語,,0,-4,-1,-2,-1
カイロ,418,1052,7,48,アラビア語,古代エジプト語,0,5,0,5,0
カッファ,482,835,7,43,トルコ語,,0,22,0,22,0
セヴァストポリ,442,837,7,106,トルコ語,,0,4,-22,4,-22
チュニス,120,957,7,16,アラビア語,,3,-3,0,-3,0
トリポリ,143,1004,7,17,アラビア語,,0,0,5,0,5
トレビゾント,499,892,7,44,トルコ語,アラビア語,0,16,4,16,4
ベイルート,470,995,7,47,アラビア語,トルコ語,0,4,0,4,0
ベンガジ,263,1020,7,97,アラビア語,,0,2,2,2,2
ヤッファ,455,1026,7,52,アラビア語,トルコ語,0,5,-2,5,-2
アゾレス,4312,921,9,114,ポルトガル語,,0,0,-10,0,-10
サンティアゴ,3859,1159,10,92,スペイン語,マヤ諸語,0,0,4,0,4
サントドミンゴ,3945,1178,10,90,スペイン語,マヤ諸語,1,0,-20,0,-20
サンフアン,3980,1185,10,91,スペイン語,マヤ諸語,0,0,-8,0,-8
ジャマイカ,3853,1183,10,89,スペイン語,マヤ諸語,0,0,8,0,8
ハバナ,3795,1129,10,93,スペイン語,マヤ諸語,0,0,-5,0,-5
ポルトベロ,3756,1218,10,109,スペイン語,マヤ諸語,1,-6,0,-5,0
ウィレムスタッド,3876,1261,11,125,オランダ語,,2,0,-12,0,-8
カラカス,3904,1294,11,124,イタリア語,,2,0,5,0,5
トルヒーヨ,3718,1181,11,115,スペイン語,,2,0,5,0,5
ナッソー,3832,1089,11,147,,,0,10,0,10,0
マラカイボ,3841,1285,11,118,スペイン語,マヤ諸語,0,-6,-12,-6,-12
ヴェラクルス,3537,1184,11,120,スペイン語,マヤ諸語,0,20,-14,16,-12
メリダ,3628,1150,11,119,スペイン語,マヤ諸語,0,0,-8,0,-5
グランドケイマン,3800,1167,11,123,英語,,2,-3,7,-3,7
カイエンヌ,4071,1361,11,110,フランス語,,2,-4,4,-4,4
バイーア,4284,1558,11,121,ポルトガル語,マヤ諸語,0,-4,-2,-2,-2
ペルナンブコ,4331,1486,11,111,ポルトガル語,,2,-6,-2,-4,-2
リオデジャネイロ,4227,1667,11,122,ポルトガル語,マヤ諸語,1,4,-10,4,-8
ブエノスアイレス,4012,1786,11,117,スペイン語,マヤ諸語,0,0,-10,0,-10
サンアントニオ,3942,1843,11,116,スペイン語,マヤ諸語,0,-4,0,-4,0
アビジャン,4737,1333,16,63,ポルトガル語,西アフリカ諸語,0,0,-14,0,-14
アルギン,4564,1162,16,60,ポルトガル語,,0,5,-2,5,-2
カーボヴェルデ,4524,1229,16,61,ポルトガル語,,0,0,12,0,12
カリビブ,180,1634,16,67,西アフリカ諸語,,0,7,-2,5,-2
ケープ,285,1755,16,68,西アフリカ諸語,,1,8,-2,6,-2
サンジョルジュ,20,1323,16,64,ポルトガル語,西アフリカ諸語,1,0,-11,0,-9
サントメ,67,1392,16,65,ポルトガル語,西アフリカ諸語,0,0,10,0,10
シエラレオネ,4607,1298,16,62,ポルトガル語,西アフリカ諸語,0,6,-3,6,-3
ドゥアラ,123,1356,16,113,西アフリカ諸語,,0,8,-3,6,-3
ベニン,58,1327,16,112,西アフリカ諸語,,0,7,-2,5,-2
ベンゲラ,174,1523,16,98,西アフリカ諸語,,0,6,0,6,0
ルアンダ,162,1468,16,66,西アフリカ諸語,,0,6,-2,5,-2
キルワ,517,1489,18,100,スワヒリ語,,0,-6,-2,-4,-2
ザンジバル,533,1456,18,72,スワヒリ語,,1,10,-2,10,-2
ソファラ,460,1608,18,69,スワヒリ語,,0,-5,-2,-3,-2
タマタブ,659,1586,18,71,スワヒリ語,,0,-5,-2,-3,-2
ナタール,432,1726,18,99,スワヒリ語,,0,-5,2,-3,2
マリンディ,556,1397,18,103,スワヒリ語,,0,0,-10,1,-8
モガディシオ,637,1337,18,74,スワヒリ語,,0,-7,-2,-5,-2
モザンビーク,548,1560,18,70,スワヒリ語,,0,7,-3,7,-3
モンバサ,539,1413,18,73,スワヒリ語,,0,-6,-5,-4,-5
アデン,605,1246,19,77,アラビア語,,1,0,-9,0,-4
ジェッダ,522,1153,19,101,アラビア語,,0,8,0,6,0
ジョファール,715,1206,19,104,アラビア語,,0,-12,0,-12,0
スエズ,463,1073,19,76,アラビア語,,0,10,0,10,0
セイラ,563,1261,19,105,アラビア語,,0,-8,-2,-6,0
ソコトラ,723,1253,19,102,アラビア語,,0,7,0,-16,-7
マスカット,786,1127,19,80,アラビア語,,0,0,6,0,6
マッサワ,525,1220,19,75,アラビア語,,0,-5,-6,-5,-6
バスラ,642,1089,20,78,ペルシャ語,アラビア語,0,-5,0,-5,0
ホルムズ,739,1087,20,79,ペルシャ語,,0,0,-8,0,-6
カリカット,1010,1262,21,83,インド諸語,,3,2,-3,2,-3
カルカッタ,1163,1151,21,88,インド諸語,,0,4,-12,4,-12
ゴア,972,1200,21,82,インド諸語,,0,6,0,4,0
コチン,1015,1282,21,84,インド諸語,,0,0,-2,0,-2
セイロン,1070,1308,21,85,インド諸語,,0,-4,0,-4,0
ディヴ,939,1155,21,81,インド諸語,,0,12,-16,12,-16
ポンディシェリ,1067,1256,21,86,インド諸語,,0,9,-2,9,-2
マスリパタム,1076,1217,21,87,インド諸語,,0,0,-9,-3,-7
アチン,1235,1336,22,127,マラユ・タガログ語,,0,3,5,3,5
ジャカルタ,1409,1460,22,128,マラユ・タガログ語,,1,0,-12,0,-12
スラバヤ,1524,1475,22,129,マラユ・タガログ語,,0,0,-22,0,-22
パタニ,1359,1322,22,135,タイ・ビルマ語,,0,0,6,0,6
パレンバン,1355,1411,22,131,マラユ・タガログ語,,0,-3,1,-3,1
バンジェルマシン,1533,1429,22,130,マラユ・タガログ語,,0,-5,-12,-5,-12
ペグー,1286,1209,22,134,タイ・ビルマ語,,0,7,-6,7,-6
マカッサル,1603,1438,22,132,マラユ・タガログ語,,0,0,11,0,11
マラッカ,1370,1371,22,126,マラユ・タガログ語,,0,6,-6,6,-6
ヤーデイン,1429,1288,22,136,モン・クメール諸語,,0,4,-10,4,-10
ルン,1743,1445,22,133,マラユ・タガログ語,,0,8,0,8,0
マニラ,1632,1248,22,140,マラユ・タガログ語,,0,-8,1,-8,1
ブルネイ,1533,1331,22,141,マラユ・タガログ語,,0,3,1,3,1
ダバオ,1686,1310,22,139,マラユ・タガログ語,,0,0,6,0,6
ロッブリー,1359,1238,22,137,タイ・ビルマ語,,0,0,-12,0,-12
クチン,1478,1368,22,138,マラユ・タガログ語,,0,2,5,2,5
ディリ,1697,1488,22,142,マラユ・タガログ語,,0,5,-8,5,-8
ジャンビ,1335,1391,22,143,マラユ・タガログ語,,0,-5,-2,-5,-2
アンボイナ,1703,1437,22,144,マラユ・タガログ語,オランダ語,2,0,7,0,7
テルナーテ,1693,1378,22,145,マラユ・タガログ語,オランダ語,2,-2,5,-2,5
ホロ,1616,1321,22,146,マラユ・タガログ語,,0,0,-10,0,-6
カカドゥ,1856,1668,23,148,オセアニア諸語,,0,3,8,3,8
ホバート,2061,2031,23,149,オセアニア諸語,,0,8,0,8,0
ワンガヌイ,2435,1924,23,150,オセアニア諸語,,0,1,-6,1,-6
クガリ,2133,1829,23,152,オセアニア諸語,,0,-6,0,-4,0
ピンジャラ,1631,1894,23,151,オセアニア諸語,,0,6,1,6,1
ウシュアイア,3881,2006,23,,補給港,,0,18,-6,18,-6
アカプルコ,3464,1245,,155,スペイン語,ケチュア語,0,0,-8,0,-8
グァテマラ,3562,1242,,156,マヤ諸語,,0,-1,-7,-1,-7
パナマ,3720,1242,,157,スペイン語,マヤ諸語,0,-4,-5,-4,-5
トゥンベス,3688,1404,,160,ケチュア語,,0,10,0,8,0
ランバイェケ,3714,1475,,159,ケチュア語,,0,10,3,8,1
リマ,3757,1538,,154,ケチュア語,スペイン語,3,9,-1,9,-1
コピアポ,3848,1695,,158,ケチュア語,,0,6,0,6,0
バルパライソ,3810,1771,,153,ケチュア語,,0,9,0,9,0
グアム,1927,1231,,161,オセアニア諸語,,0,0,6,0,6
サマライ,2008,1507,,162,オセアニア諸語,,0,0,6,0,6
ヒバオア,2964,1462,,163,オセアニア諸語,,0,2,7,2,7
長崎,1774,1011,,,日本語,,0,-2,5,-2,5
江戸,1918,973,,,日本語,,0,-5,0,-5,0
堺,1853,993,,,日本語,,3,7,0,5,0
浦項,1731,960,,,朝鮮語,,0,6,0,6,0
釜山,1728,976,,,朝鮮語,,0,-6,-4,-4,-4
漢陽,1691,941,,,朝鮮語,,0,0,-10,0,-6
雲台山,1598,980,,,中国語,,0,-5,-2,-4,-2
杭州,1623,1036,,,中国語,,2,-10,1,-10,1
重慶,1391,1031,,,中国語,,0,-6,-2,-4,-2
泉州,1580,1111,,,中国語,,0,-6,-2,-4,-2
澳門,1516,1138,,,中国語,,0,0,-10,0,-6
淡水,1670,1106,,,中国語,,0,0,-11,0,-6
安平,1661,1144,,,中国語,,2,0,12,0,12
ヌーベルフランス1,3834,656,,,,,2,0,0,0,0
ヌーベルフランス2,3817,696,,,,,2,0,0,0,0
ヌーベルフランス3,3850,714,,,,,2,0,0,0,0
ヌーベルフランス4,3856,782,,,,,2,0,0,0,0
ニューイングランド1,3818,800,,,,,2,0,0,0,0
ニューイングランド2,3828,848,,,,,2,0,0,0,0
ニューイングランド3,3842,869,,,,,2,0,0,0,0
ニューイングランド4,3856,886,,,,,2,0,0,0,0
ニューネーデルラント1,3843,910,,,,,2,0,0,0,0
ニューネーデルラント2,3821,921,,,,,2,0,0,0,0
バージニア1,3806,938,,,,,2,0,0,0,0
バージニア2,3791,960,,,,,2,0,0,0,0
カロライナ1,3786,999,,,,,2,0,0,0,0
カロライナ2,3761,1008,,,,,2,0,0,0,0
ジョージア1,3737,1024,,,,,2,0,0,0,0
ジョージア2,3721,1034,,,,,2,0,0,0,0
バルト海南西,220,681,1,471,上陸地点,,,2,6,2,6
バルト海南東,280,653,1,472,上陸地点,,,4,0,4,0
ボスニア湾西岸,250,497,1,489,上陸地点,,,-3,-4,-3,-4
スカンジナビア西岸,112,502,1,441,上陸地点,,,4,0,4,0
バルト海北,302,564,1,476,上陸地点,,,-2,-3,-2,-3
ブリテン島南岸,4740,721,2,484,上陸地点,奥地,,-2,-3,-2,-3
ブリテン島東岸,4749,648,2,485,上陸地点,,,6,-2,6,-2
ブリテン島北岸,4707,602,2,486,上陸地点,,,5,-1,5,-1
フランス北西岸,4730,771,3,483,上陸地点,,,10,4,10,4
モロッコ西岸,4622,1008,4,492,上陸地点,,,4,2,4,2
アフリカ北西岸,4588,1055,4,407,上陸地点,,,5,0,5,0
アフリカ北岸,4709,993,4,406,上陸地点,,,5,3,5,3
ビスケー湾南岸,4665,859,4,477,上陸地点,,,0,5,0,5
地中海南アフリカ北岸,259,1032,7,503,上陸地点,,,0,5,0,5
エジプト北岸,328,1031,7,413,上陸地点,,,0,2,0,2
トルコ西岸,352,929,7,463,上陸地点,奥地,,6,5,6,5
カイロ対岸,401,1053,7,419,上陸地点,奥地,,-8,6,-8,6
ナイル川中部,443,1101,7,467,上陸地点,奥地,,0,-7,0,-7
ナイル川上流,410,1158,7,464,上陸地点,奥地,,-5,0,-5,0
黒海北西岸,392,836,7,500,上陸地点,,,-5,0,-5,0
トルコ北岸,454,886,7,461,上陸地点,奥地,,-20,8,-20,8
黒海東岸,555,880,7,501,上陸地点,,,5,0,5,0
メキシコ湾南西岸,3514,1171,11,525,上陸地点,,,-5,0,-5,0
南米北岸高地,3959,1288,11,448,上陸地点,,,1,15,1,15
アマゾン川上流,3940,1439,11,456,上陸地点,,,-5,0,-5,0
南米北東岸,4217,1442,11,522,上陸地点,,,0,4,0,4
南米南東岸,4130,1735,11,523,上陸地点,,,-5,0,-5,0
アフリカ西岸,4570,1260,16,400,上陸地点,,,5,-4,5,-4
大西洋中央西岸,4678,1341,16,502,上陸地点,,,4,-12,4,-12
アフリカギニア湾北,110,1343,16,395,上陸地点,,,5,-3,5,-3
アフリカ南西岸,158,1561,16,399,上陸地点,,,5,0,5,0
アフリカ南南西岸,214,1689,16,401,上陸地点,,,5,0,5,0
アフリカ南岸,366,1774,18,398,上陸地点,,,0,-5,0,-5
アフリカ南南東岸,440,1685,18,402,上陸地点,,,-5,0,-5,0
アフリカ南東岸,495,1587,18,403,上陸地点,奥地,,-5,0,-5,0
マダガスカル西岸,589,1610,18,491,上陸地点,,,5,0,5,0
インド洋アフリカ東岸,661,1302,18,409,上陸地点,,,-5,0,-5,0
紅海西岸,497,1163,19,498,上陸地点,,,-4,0,-4,0
紅海東岸,551,1173,19,499,上陸地点,,,5,0,5,0
アラビア海北西岸,687,1220,19,404,上陸地点,,,-4,0,-4,0
ペルシャ湾北岸,701,1105,20,487,上陸地点,奥地,,0,-6,0,-6
アラビア海北東岸,827,1107,20,405,上陸地点,奥地,,4,-14,4,-14
インド西岸,968,1164,21,410,上陸地点,,,5,0,5,0
ベンガル湾北東岸,1238,1163,21,488,上陸地点,,,-8,-6,-8,-6
スマトラ島南西岸,1315,1433,22,556,上陸地点,,,4,0,4,0
ジャワ島北岸,1466,1465,22,560,上陸地点,奥地,,0,-14,0,-14
セレベス島東岸,1628,1408,22,562,上陸地点,,,6,0,6,0
オーストラリア北西岸,1703,1755,23,オーストラリア北西岸,上陸地点,,,5,2,5,2
ラパ・ヌイ西岸,3336,1662,23,ラパ・ヌイ西岸,上陸地点,,,0,6,0,6
南米南西岸,3788,1935,,南米南西岸,上陸地点,,,4,0,4,0
ニューギニア島南岸,1896,1484,23,ニューギニア島南岸,上陸地点,,,0,-13,0,-13
南米北西岸,3709,1335,,南米北西岸,上陸地点,,,4,0,4,0
オスロ北,143,537,1,412,郊外,,,4,0,4,0
リューベック南東,158,706,1,495,郊外,,,0,3,0,3
ダブリン北,4665,667,2,156,郊外,奥地,,-20,0,-20,0
カレー南,4784,776,3,423,郊外,,,5,0,5,0
ナント南,4732,809,3,468,郊外,奥地,,5,-1,5,-1
ジェノヴァ北西,71,818,5,533,郊外,,,5,0,5,0
ナポリ近郊,194,899,5,534,郊外,奥地,,-8,8,-8,8
カンディア西,373,955,6,424,郊外,奥地,,4,0,4,0
ファマガスタ西,447,956,6,481,郊外,奥地,,4,0,4,0
アテネ北西,308,935,6,393,郊外,奥地,,-4,0,-4,0
アテネ西,301,953,6,392,郊外,奥地,,-4,0,-4,0
サロニカ南西,294,875,6,438,郊外,奥地,,4,0,4,0
ベイルート北,502,977,7,479,郊外,奥地,,4,0,4,0
ヤッファ南東,467,1040,7,494,郊外,,,4,0,4,0
チュニス西,84,981,7,444,郊外,奥地,,2,0,2,0
トリポリ東,138,1037,7,462,郊外,奥地,,4,0,4,0
ヴェラクルス南東,3550,1195,9,528,郊外,奥地,,5,0,5,0
ヴェラクルス南,3528,1195,9,527,郊外,奥地,,-4,0,-4,0
サントドミンゴ西,3928,1170,10,439,郊外,,,2,-30,2,-30
ハバナ東,3811,1132,10,416,郊外,,,0,-8,0,-8
ルアンダ北,165,1438,16,496,郊外,,,4,0,4,0
モンバサ西,501,1428,18,493,郊外,,,-4,0,-4,0
マッサワ西南,493,1235,19,537,郊外,奥地,,-4,0,-4,0
バスラ北西,617,1064,20,469,郊外,奥地,,3,-3,3,-3
カリカット北,1003,1240,21,420,郊外,,,0,-4,0,-4
セイロン東,1087,1309,21,442,郊外,,,10,0,10,0
ポンディシェリ南,1055,1269,21,490,郊外,奥地,,14,-1,14,-1
カルカッタ南西,1133,1150,21,421,郊外,奥地,,-4,0,-4,0
メリダ南西,3618,1168,21,531,郊外,奥地,,4,0,4,0
ペグー北,1291,1184,22,566,郊外,奥地,,4,0,4,0
ヤーデイン北西,1409,1251,22,558,郊外,奥地,,5,0,5,0
ブルネイ南東,1539,1355,22,569,郊外,,,0,3,0,3
マラッカ北西,1354,1358,22,572,郊外,,,-2,-6,-2,-6
ワンガヌイ西,2432,1896,23,ワンガヌイ西(郊外),郊外,,,7,-10,7,-10
ホバート北,2053,2010,23,ホバート北(郊外),郊外,,,0,-17,0,-17
コピアポ北西,3866,1674,,コピアポ北西(郊外),郊外,,,4,0,4,0
リマ北,3768,1515,,リマ北(郊外),郊外,,,-3,-4,-3,-4
リマ北東,3788,1525,,リマ北東(郊外),郊外,,,5,0,5,0
ポルトベロ北西,3748,1208,,ポルトベロ北西(郊外),郊外,,,-4,-3,-4,-3
パナマ北東,3743,1243,,パナマ北東(郊外),郊外,,,0,3,0,3
ソールズベリー平原,4740,701,2,443,奥地,ブリテン島南岸,,-5,0,-5,0
ボイン渓谷,4675,682,2,157,奥地,ダブリン北,,0,3,0,3
カルナック巨石群,4743,822,3,422,奥地,ナント南,,4,0,4,0
カンパーニャ地方,178,890,5,535,奥地,ナポリ近郊,,-4,0,-4,0
マケドニア地方,294,863,6,428,奥地,サロニカ南西,,4,0,4,0
オリンピア地方,299,964,6,414,奥地,アテネ西,,-2,12,-2,12
フォキス地方,290,927,6,482,奥地,アテネ北西,,0,-4,0,-4
クレタ島内陸,373,944,6,436,奥地,カンディア西,,5,0,5,0
パフォス郊外,447,945,6,470,奥地,ファマガスタ西,,5,0,5,0
ビュルサの丘,84,1004,7,480,奥地,チュニス西,,0,4,0,4
レプティス,138,1060,7,497,奥地,トリポリ東,,5,-4,5,-4
ヒサルルクの丘,384,923,7,430,奥地,トルコ西岸,,5,0,5,0
ビブロス郊外,523,962,7,478,奥地,ベイルート北,,5,0,5,0
ギザ地方,383,1076,7,536,奥地,カイロ対岸,,-6,4,-6,4
ルクソール地方,450,1120,7,434,奥地,ナイル川中部,,-20,0,-20,0
アスワン南部,400,1180,7,432,奥地,ナイル川上流,,-4,0,-4,0
アナトリア高原,469,910,7,394,奥地,トルコ北岸,,0,6,0,6
コナーラク地方,1117,1173,9,437,奥地,カルカッタ南西,,-4,0,-4,0
ユカタン半島内陸,3626,1185,9,542,奥地,メリダ南西,,-3,4,-3,4
マヤ低地,3528,1209,9,543,奥地,ヴェラクルス南,,-4,0,-4,0
テノチティトラン,3550,1209,9,564,奥地,ヴェラクルス南東,,5,0,5,0
ジンバブエ内陸,480,1566,18,440,奥地,アフリカ南東岸,,-4,0,-4,0
エチオピア北部,493,1258,19,538,奥地,マッサワ西南,,-4,0,-4,0
クーヘ・ラフマト,701,1084,20,435,奥地,ペルシャ湾北岸,,0,-4,0,-4
シンド地方,827,1076,20,452,奥地,アラビア海北東岸,,5,0,5,0
ウル地方,617,1040,20,411,奥地,バスラ北西,,5,0,5,0
タンジャーウール地方,1045,1284,21,450,奥地,ポンディシェリ南,,16,0,16,0
ジャワ島奥地,1479,1473,,ジャワ島奥地,奥地,ジャワ島北岸,,0,12,0,12
シェム・リアップ近郊,1390,1234,,シェム・リアップ近郊,奥地,ヤーデイン北西,,6,0,6,0
パガン地方,1302,1161,22,パガン地方,奥地,ペグー北,,4,0,4,0
ラパ・ヌイ奥地,3336,1641,23,ラパ・ヌイ奥地,奥地,ラパ・ヌイ西岸,,0,-5,0,-5
クスコ,3772,1497,,,奥地,リマ北,,-5,0,-5,0
ウルル周辺,1705,1790,,ウルル周辺,奥地,オーストラリア北西岸,,6,0,6,0
マチュピチュ,3806,1510,,,奥地,リマ北東,,5,0,5,0
カイロ南東,429,1067,,カイロ南東(郊外),郊外,,,4,6,4,6
スエズ北西,476,1061,,スエズ北西(郊外),郊外,,,4,-3,4,-3
ガラパゴス島南岸,3538,1438,,ガラパゴス島南岸,上陸地点,,,0,5,0,5
ガラパゴス島奥地,3538,1420,,ガラパゴス島奥地,奥地,ガラパゴス島南岸,,0,-12,0,-12
ポンペイ島南岸,2116,1316,,ポンペイ島南岸,上陸地点,,,0,4,0,4
ポンペイ島奥地,2116,1298,,ポンペイ島奥地,奥地,ポンペイ島南岸,,0,-4,0,-4
グァテマラ北東,3570,1229,,グァテマラ北東(郊外),郊外,,,4,0,4,0
コパン川北岸,3570,1218,,コパン川北岸,奥地,グァテマラ北東,,5,0,5,0
日本列島南東岸,1879,983,,,上陸地点,,,2,8,2,8
日本列島西岸,1833,974,,,上陸地点,,,0,-5,0,-5
近江,1873,973,,,奥地,日本列島南東岸,,-2,-4,-2,-4
朝鮮半島北岸,1672,917,,,上陸地点,,,0,-4,0,-4
朝鮮半島西岸,1691,962,,,上陸地点,,,-4,3,-4,3
黄河下流,1529,960,,,上陸地点,,,0,-4,0,-4
中国南東岸,1617,1074,,,上陸地点,,,-4,0,-4,0
台湾島南東岸,1669,1135,,,上陸地点,,,5,0,5,0
長崎北,1785,1003,,,郊外,,,0,-8,0,-8
江戸北,1918,959,,,郊外,,,0,-4,0,-4
淡水南東,1665,1116,,,郊外,,,-7,0,-7,0
淡水河西,1659,1127,,,奥地,淡水南東,,-7,0,-7,0
浦項西,1723,949,,,郊外,,,11,0,11,0
公州北,1700,952,,,奥地,朝鮮半島西岸,,-13,0,-13,0
重慶南西,1369,1044,,,郊外,,,-5,0,-5,0
峨眉山東,1369,1062,,,奥地,重慶南西,,-5,0,-5,0
雲台山西,1571,988,,,郊外,,,-5,0,-5,0
黄土高原,1529,933,,,奥地,黄河下流,,0,-4,0,-4
テラ・ノヴァ北岸,3885,637,,,上陸地点,,,0,0,0,0
北米大陸東岸,3824,818,,,上陸地点,,,0,0,0,0
北米大陸南東岸,3716,1042,,,上陸地点,,,0,0,0,0
ヴィンランドの岬,3875,658,,,奥地,テラ・ノヴァ北岸,,20,0,20,0
ノルウェー海,32,496,,,海域
ユトランド半島沖,90,614,,,海域
北海,38,650,,,海域
バルト海,248,534,,,海域
ブリテン島南部,4660,741,,,海域
ブリテン島北部,4700,528,,,海域
ビスケー湾,4660,812,,,海域
北東大西洋,4508,747,,,海域
北大西洋,4226,904,,,海域
リスボン沖,4592,976,,,海域
マディラ沖,4478,977,,,海域
ジブラルタル海峡,4678,970,,,海域
バレアレス諸島沖,4738,958,,,海域
リグリア海,36,880,,,海域
ティレニア海,28,922,,,海域
イオニア海,204,975,,,海域
アドリア海,202,879,,,海域
東地中海,376,986,,,海域
黒海,456,865,,,海域
カナリア沖,4490,1129,,,海域
穀物海岸沖,4518,1342,,,海域
黄金海岸沖,4698,1408,,,海域
南大西洋,4634,1803,,,海域
ギニア湾,56,1432,,,海域
ナミビア沖,68,1573,,,海域
喜望峰沖,128,1767,,,海域
アガラス岬沖,348,1820,,,海域
ケープ海盆,132,1984,,,海域
アガラス海盆,423,1978,,,海域
モザンビーク海峡,492,1767,,,海域
南西インド洋,720,1870,,,海域
マダガスカル沖,754,1572,,,海域
ザンジバル沖,680,1418,,,海域
アラビア海,758,1270,,,海域
紅海,540,1190,,,海域
ペルシャ湾,824,1150,,,海域
インド西岸沖,920,1224,,,海域
インド南岸沖,1000,1355,,,海域
アンダマン海,1156,1382,,,海域
中部インド洋,1100,1533,,,海域
ベンガル湾,1160,1220,,,海域
サンフアン沖,3988,1124,,,海域
アンティル諸島沖,3880,1104,,,海域
西カリブ海,3708,1144,,,海域
バミューダ諸島沖,3870,980,,,海域
コッド岬沖,3920,828,,,海域
メキシコ湾,3560,1110,,,海域
南カリブ海,3916,1216,,,海域
中央大西洋,4216,1275,,,海域
アマゾン川流域,4124,1366,,,海域
サンロケ岬沖,4286,1400,,,海域
南西大西洋,4330,1698,,,海域
ブエノスアイレス沖,4078,1826,,,海域
アルゼンチン海盆,4066,1987,,,海域
ジョージア海盆,4356,1984,,,海域
南インド洋,1038,1870,,,海域
南東インド洋,1332,1870,,,海域
ジャワ島南方沖,1400,1550,,,海域
ジャワ海,1422,1396,,,海域
シャム湾,1456,1294,,,海域
セレベス海,1618,1340,,,海域
バンダ海,1724,1530,,,海域
西カロリン海盆,1770,1336,,,海域
東カロリン海盆,1960,1348,,,海域
西オーストラリア海盆,1570,1682,,,海域
パース海盆,1590,1960,,,海域
アラフラ海,1890,1616,,,海域
南オーストラリア海盆,1838,2006,,,海域
コーラル海,2230,1682,,,海域
タスマン海,2240,1954,,,海域
サモア海盆,2494,1648,,,海域
南太平洋海盆西,2594,1948,,,海域
南太平洋海盆北,2858,1645,,,海域
南太平洋海盆,2950,1946,,,海域
南太平洋海盆東,3350,1802,,,海域
ペルー海盆,3704,1661,,,海域
チリ海盆,3716,1963,,,海域
メラネシア海盆,2186,1348,,,海域
中央太平洋海盆西,2478,1347,,,海域
中央太平洋海盆,2900,1346,,,海域
中央太平洋海盆東,3268,1348,,,海域
テワンテペク湾,3498,1294,,,海域
パナマ湾,3634,1293,,,海域
ガラパゴス諸島沖,3490,1468,,,海域
グアヤキル湾,3612,1423,,,海域
東アジア西部,1542,1160,,,海域
東アジア東部,1854,1085,,,海域
北西太平洋海盆,2148,974,,,海域
テラ・ノヴァ沖,3940,690,,,海域
アイスランド海盆,4336,520,,,海域
ラブラドル海,4010,520,,,海域
ディエゴガルシア島,969,1467,,,PF,,,0,7,0,7
サバイー島,2492,1532,,,PF,,,0,-6,0,-6
セントルシア島,4012,1243,,,PF,,,6,0,6,0
アセンション島,4731,1478,,,PF,,,0,-5,0,-5
