start routes
draw,1
date,2011/09/29(Я) 02:40:29
popup,24,889,1,1
popup,4751,938,2,1
popup,4727,953,3,1
popup,4674,968,4,1
routes,25.15332,888.8481,1
routes,23.10596,892.3579,1
routes,21.05859,896.1602,1
routes,18.42627,899.085,1
routes,14.62402,901.7173,1
routes,11.11426,904.0571,1
routes,7.896973,906.1045,1
routes,4751.638,938.5698,1
routes,4748.42,940.9097,1
routes,4745.203,943.2495,1
routes,4741.693,945.2969,1
routes,4738.476,947.6367,1
routes,4735.259,949.6841,1
routes,4731.749,951.7314,1
routes,4728.239,953.1938,1
routes,4724.729,954.6563,1
routes,4720.927,956.1187,1
routes,4717.417,957.5811,1
routes,4713.323,959.3359,1
routes,4709.521,960.7983,1
routes,4706.011,962.2607,1
routes,4702.208,963.7231,1
routes,4698.699,965.1855,1
routes,4694.896,965.7705,1
routes,4691.094,966.3555,1
routes,4687,966.9404,1
routes,4682.905,967.5254,1
routes,4679.103,967.8179,1
routes,4675.3,968.1104,1
routes,4671.498,968.6953,1
routes,4667.696,968.9878,1
routes,4663.894,968.6953,1
routes,4660.384,967.2329,1
routes,4657.751,964.0156,1
routes,4655.412,960.7983,1
start routes
draw,1
date,2011/09/29(Я) 03:30:38
popup,4625,965,1,2
popup,4579,980,2,2
popup,4500,1006,3,2
popup,4461,1019,4,2
popup,4418,1035,5,2
popup,4402,1111,6,2
popup,4401,1152,7,2
popup,4403,1216,8,2
popup,4412,1281,9,2
popup,4421,1345,10,2
popup,4474,1335,11,2
popup,4533,1318,12,2
popup,4593,1301,13,2
accidents,4412,1038,5,108
accidents,4543,1315,12,108
routes,4650.732,956.7036,2
routes,4639.618,961.3833,2
routes,4635.815,962.5532,2
routes,4625.579,965.7705,2
routes,4621.484,967.2329,2
routes,4615.634,968.9878,2
routes,4611.54,970.4502,2
routes,4601.01,973.96,2
routes,4597.208,975.1299,2
routes,4593.406,976.2998,2
routes,4589.311,977.4697,2
routes,4585.509,978.9321,2
routes,4581.707,980.1021,2
routes,4577.904,981.272,2
routes,4573.81,982.7344,2
routes,4570.007,983.9043,2
routes,4564.45,985.6592,2
routes,4560.648,986.8291,2
routes,4552.166,989.7539,2
routes,4500.104,1006.718,2
routes,4461.205,1019.294,2
routes,4457.402,1020.464,2
routes,4453.6,1021.634,2
routes,4449.798,1023.097,2
routes,4441.023,1026.606,2
routes,4437.514,1028.069,2
routes,4433.711,1029.531,2
routes,4428.154,1031.871,2
routes,4424.352,1033.333,2
routes,4420.842,1034.796,2
routes,4417.333,1036.258,2
routes,4412.945,1038.013,2
routes,4409.436,1039.476,2
routes,4405.633,1040.938,2
routes,4405.048,1045.033,2
routes,4404.756,1050.297,2
routes,4404.756,1054.1,2
routes,4404.463,1057.902,2
routes,4404.171,1068.139,2
routes,4403.878,1074.281,2
routes,4402.708,1111.718,2
routes,4402.124,1124.587,2
routes,4402.124,1128.975,2
routes,4401.831,1133.069,2
routes,4401.831,1137.164,2
routes,4401.831,1140.966,2
routes,4401.831,1144.769,2
routes,4401.831,1148.571,2
routes,4401.831,1152.666,2
routes,4401.831,1156.76,2
routes,4401.831,1160.563,2
routes,4401.831,1164.657,2
routes,4401.831,1168.459,2
routes,4401.831,1172.554,2
routes,4401.831,1176.649,2
routes,4401.831,1180.451,2
routes,4401.831,1184.546,2
routes,4401.831,1188.641,2
routes,4401.831,1192.443,2
routes,4401.831,1196.538,2
routes,4401.831,1201.217,2
routes,4402.124,1205.312,2
routes,4403.293,1216.134,2
routes,4403.878,1219.936,2
routes,4404.171,1224.031,2
routes,4404.756,1228.125,2
routes,4410.021,1266.148,2
routes,4410.605,1269.95,2
routes,4411.19,1274.045,2
routes,4411.775,1278.14,2
routes,4412.36,1281.942,2
routes,4413.238,1289.254,2
routes,4413.823,1293.349,2
routes,4414.408,1297.151,2
routes,4414.993,1301.246,2
routes,4415.578,1305.34,2
routes,4416.163,1309.143,2
routes,4416.748,1313.237,2
routes,4417.333,1317.332,2
routes,4417.917,1321.134,2
routes,4418.502,1326.691,2
routes,4419.087,1330.786,2
routes,4419.965,1336.928,2
routes,4420.55,1341.023,2
routes,4421.135,1345.118,2
routes,4421.72,1348.92,2
routes,4425.522,1349.505,2
routes,4435.174,1346.873,2
routes,4438.976,1345.703,2
routes,4443.071,1344.533,2
routes,4450.09,1342.485,2
routes,4460.912,1339.268,2
routes,4472.319,1336.051,2
routes,4476.121,1335.173,2
routes,4480.216,1334.003,2
routes,4485.773,1332.249,2
routes,4489.575,1331.371,2
routes,4493.67,1329.909,2
routes,4505.954,1326.399,2
routes,4511.219,1324.937,2
routes,4515.313,1323.767,2
routes,4526.135,1320.842,2
routes,4529.938,1319.672,2
routes,4533.74,1318.502,2
routes,4537.834,1317.332,2
routes,4541.929,1316.162,2
routes,4546.024,1314.992,2
routes,4558.893,1311.19,2
routes,4562.988,1310.02,2
routes,4567.083,1308.85,2
routes,4571.177,1307.68,2
routes,4575.272,1306.51,2
routes,4579.074,1305.633,2
routes,4583.169,1304.463,2
routes,4587.264,1303.293,2
routes,4591.358,1302.123,2
routes,4595.453,1300.661,2
routes,4599.548,1299.491,2
start routes
draw,1
date,2011/09/29(Я) 03:56:17
popup,4591,1287,1,3
popup,4563,1275,2,3
popup,4521,1287,3,3
popup,4459,1287,4,3
popup,4405,1277,5,3
popup,4381,1212,6,3
popup,4380,1153,7,3
popup,4385,1087,8,3
popup,4406,1026,9,3
popup,4464,1000,10,3
popup,4520,978,11,3
popup,4592,948,12,3
routes,4603.35,1298.028,3
routes,4600.133,1295.104,3
routes,4597.208,1292.471,3
routes,4594.283,1289.839,3
routes,4591.651,1286.914,3
routes,4588.726,1283.989,3
routes,4585.801,1281.064,3
routes,4583.169,1278.14,3
routes,4580.244,1275.215,3
routes,4577.319,1272.29,3
routes,4574.395,1269.365,3
routes,4572.055,1265.855,3
routes,4569.715,1262.053,3
routes,4568.252,1265.855,3
routes,4566.79,1269.365,3
routes,4565.035,1272.875,3
routes,4563.573,1276.385,3
routes,4561.818,1280.187,3
routes,4560.355,1283.697,3
routes,4558.308,1286.914,3
routes,4554.506,1287.207,3
routes,4550.704,1287.207,3
routes,4546.901,1287.207,3
routes,4543.099,1287.207,3
routes,4539.297,1287.207,3
routes,4535.202,1287.207,3
routes,4528.475,1287.207,3
routes,4524.673,1287.207,3
routes,4520.578,1287.207,3
routes,4515.606,1287.207,3
routes,4511.511,1287.207,3
routes,4507.709,1287.207,3
routes,4503.614,1287.207,3
routes,4499.812,1287.207,3
routes,4495.717,1287.207,3
routes,4484.603,1287.207,3
routes,4480.508,1287.207,3
routes,4474.659,1287.207,3
routes,4470.856,1287.207,3
routes,4467.054,1287.207,3
routes,4462.375,1287.207,3
routes,4458.572,1287.207,3
routes,4454.77,1287.207,3
routes,4450.675,1287.207,3
routes,4446.873,1287.207,3
routes,4441.023,1287.207,3
routes,4436.929,1287.207,3
routes,4433.126,1287.207,3
routes,4429.324,1287.207,3
routes,4425.229,1287.207,3
routes,4421.427,1287.207,3
routes,4417.625,1287.207,3
routes,4413.53,1287.207,3
routes,4409.728,1287.207,3
routes,4407.681,1283.697,3
routes,4406.218,1279.895,3
routes,4404.756,1276.385,3
routes,4403.001,1272.583,3
routes,4396.859,1255.619,3
routes,4395.104,1250.062,3
routes,4393.642,1246.552,3
routes,4390.717,1238.362,3
routes,4389.254,1234.56,3
routes,4387.792,1230.173,3
routes,4386.33,1226.371,3
routes,4384.575,1221.691,3
routes,4383.112,1217.889,3
routes,4381.357,1212.917,3
routes,4380.188,1209.114,3
routes,4378.725,1205.604,3
routes,4377.555,1201.217,3
routes,4377.555,1197.123,3
routes,4378.433,1186.008,3
routes,4378.725,1181.914,3
routes,4379.018,1178.111,3
routes,4379.31,1174.017,3
routes,4379.603,1169.922,3
routes,4379.895,1166.12,3
routes,4380.188,1160.27,3
routes,4380.48,1156.175,3
routes,4380.772,1152.081,3
routes,4381.065,1148.278,3
routes,4381.357,1144.184,3
routes,4382.235,1132.777,3
routes,4382.527,1128.975,3
routes,4382.82,1124.88,3
routes,4383.112,1120.785,3
routes,4383.405,1116.983,3
routes,4383.405,1112.888,3
routes,4383.697,1109.086,3
routes,4383.99,1104.991,3
routes,4384.282,1100.896,3
routes,4384.867,1092.122,3
routes,4385.16,1088.32,3
routes,4385.452,1084.225,3
routes,4385.745,1080.13,3
routes,4386.622,1073.988,3
routes,4387.207,1069.894,3
routes,4387.792,1066.091,3
routes,4389.254,1062.582,3
routes,4390.717,1059.072,3
routes,4393.934,1052.93,3
routes,4395.689,1049.42,3
routes,4397.444,1045.91,3
routes,4399.199,1042.108,3
routes,4400.954,1038.598,3
routes,4402.708,1035.088,3
routes,4404.463,1031.286,3
routes,4406.218,1027.776,3
routes,4407.973,1023.974,3
routes,4411.483,1022.219,3
routes,4414.993,1020.757,3
routes,4418.502,1019.294,3
routes,4422.012,1017.832,3
routes,4428.447,1015.2,3
routes,4464.714,1000.576,3
routes,4468.517,999.1133,3
routes,4472.026,997.6509,3
routes,4520.286,978.0547,3
routes,4523.795,976.5923,3
routes,4592.528,948.8066,3
routes,4598.085,946.4668,3
routes,4601.595,945.0044,3
routes,4605.397,943.542,3
routes,4608.907,942.0796,3
routes,4612.417,940.3247,3
start routes
draw,1
date,2011/09/29(Я) 18:11:24
popup,4617,953,1,4
popup,4663,968,2,4
popup,4733,948,3,4
popup,4768,927,4,4
popup,19,895,5,4
routes,4616.512,937.1074,4
routes,4615.634,942.3721,4
routes,4615.049,946.1743,4
routes,4614.757,949.9766,4
routes,4617.389,953.1938,4
routes,4620.899,955.2412,4
routes,4624.701,956.4111,4
routes,4628.503,957.5811,4
routes,4632.306,958.751,4
routes,4636.108,960.2134,4
routes,4640.203,961.3833,4
routes,4645.175,963.1382,4
routes,4648.977,964.3081,4
routes,4652.779,965.478,4
routes,4656.582,966.6479,4
routes,4660.384,967.8179,4
routes,4664.186,968.4028,4
routes,4668.281,968.1104,4
routes,4694.604,966.3555,4
routes,4698.699,966.063,4
routes,4702.793,965.7705,4
routes,4706.888,965.1855,4
routes,4710.105,963.1382,4
routes,4713.908,961.0908,4
routes,4717.417,958.751,4
routes,4733.796,948.5142,4
routes,4737.306,946.4668,4
routes,4740.523,944.4194,4
routes,4746.373,940.6172,4
routes,4749.883,938.5698,4
routes,4753.1,936.5225,4
routes,4756.61,934.4751,4
routes,4759.827,932.4277,4
routes,4763.044,930.3804,4
routes,4766.262,928.333,4
routes,4769.479,926.2856,4
routes,4772.989,924.2383,4
routes,4776.206,922.1909,4
routes,4779.423,920.1436,4
routes,4782.641,918.0962,4
routes,4785.858,916.0488,4
routes,4789.075,914.0015,4
routes,0,912.2466,4
routes,3.802246,909.9067,4
routes,7.019531,907.8594,4
routes,10.23682,905.812,4
routes,13.4541,903.7646,4
routes,16.08643,900.5474,4
routes,18.13379,897.3301,4
routes,20.47363,894.1128,4
routes,22.521,890.603,4
routes,24.56836,887.3857,4
routes,26.61572,883.876,4
routes,28.66309,880.6587,4
routes,30.71045,877.4414,4
routes,32.75781,874.2241,4
start routes
draw,1
date,2011/09/29(Я) 18:41:22
popup,51,877,1,5
popup,99,894,2,5
popup,153,912,3,5
routes,37.14502,868.9595,5
routes,39.48486,872.1768,5
routes,42.99463,873.6392,5
routes,46.50439,875.1016,5
routes,50.01416,876.8564,5
routes,53.52393,878.3188,5
routes,57.32617,879.7813,5
routes,61.12842,880.9512,5
routes,64.63818,882.4136,5
routes,68.44043,883.5835,5
routes,71.9502,885.0459,5
routes,82.18701,888.8481,5
routes,85.98926,890.0181,5
routes,89.7915,891.4805,5
routes,93.88623,892.9429,5
routes,97.68848,894.4053,5
routes,101.4907,895.5752,5
routes,105.0005,897.0376,5
routes,108.8027,898.2075,5
routes,112.605,899.6699,5
routes,117.2847,901.1323,5
routes,121.0869,902.3022,5
routes,124.8892,903.4722,5
routes,128.6914,904.6421,5
routes,132.4937,906.1045,5
routes,136.2959,907.2744,5
routes,140.0981,908.4443,5
routes,147.7026,910.7842,5
routes,151.2124,912.2466,5
routes,155.3071,913.4165,5
routes,159.1094,914.5864,5
routes,163.2041,915.1714,5
routes,167.2988,915.1714,5
routes,171.1011,914.8789,5
routes,174.9033,914.5864,5
routes,179.583,913.124,5
start routes
draw,1
date,2011/09/29(Я) 18:50:05
popup,159,914,1,6
popup,116,898,2,6
popup,72,882,3,6
routes,175.7808,913.709,6
routes,171.9785,913.709,6
routes,166.4214,914.0015,6
routes,162.6191,914.0015,6
routes,158.8169,914.2939,6
routes,155.0146,912.8315,6
routes,150.335,911.0767,6
routes,146.5327,909.9067,6
routes,142.7305,908.4443,6
routes,138.9282,906.9819,6
routes,134.8335,905.5195,6
routes,131.0313,904.0571,6
routes,127.229,902.8872,6
routes,123.4268,901.4248,6
routes,119.917,899.9624,6
routes,116.1147,898.7925,6
routes,112.605,897.3301,6
routes,107.9253,895.8677,6
routes,104.4155,894.4053,6
routes,100.3208,892.9429,6
routes,96.51855,891.4805,6
routes,92.71631,890.3105,6
routes,89.20654,888.8481,6
routes,85.4043,887.6782,6
routes,81.30957,885.9233,6
routes,77.50732,884.7534,6
routes,73.99756,883.291,6
routes,70.19531,882.1211,6
routes,65.80811,880.3662,6
routes,61.71338,878.9038,6
routes,57.61865,877.7339,6
routes,53.81641,876.564,6
routes,49.72168,875.6865,6
routes,45.91943,874.5166,6
routes,42.11719,873.3467,6
routes,37.4375,870.7144,6
start routes
draw,1
date,2011/09/29(Я) 18:58:29
popup,22,893,1,7
popup,4779,921,2,7
popup,4730,951,3,7
popup,4676,967,4,7
popup,4634,961,5,7
popup,4605,950,6,7
popup,4592,915,7,7
popup,4594,872,8,7
popup,4610,829,9,7
popup,4642,785,10,7
popup,4674,755,11,7
popup,4719,734,12,7
popup,4774,730,13,7
routes,34.5127,873.3467,7
routes,32.46533,876.564,7
routes,30.41797,880.0737,7
routes,28.37061,883.5835,7
routes,22.521,893.8203,7
routes,20.18115,897.915,7
routes,17.54883,901.4248,7
routes,14.33154,903.7646,7
routes,11.11426,905.812,7
routes,7.604492,908.1519,7
routes,4.387207,910.1992,7
routes,1.169922,912.2466,7
routes,4791.415,913.4165,7
routes,4787.905,915.7563,7
routes,4784.688,917.8037,7
routes,4781.178,919.8511,7
routes,4777.961,921.8984,7
routes,4774.451,923.9458,7
routes,4764.507,930.3804,7
routes,4761.29,932.4277,7
routes,4739.646,945.8818,7
routes,4736.136,947.9292,7
routes,4732.919,949.9766,7
routes,4729.702,952.0239,7
routes,4726.192,953.4863,7
routes,4722.097,954.9487,7
routes,4718.587,956.4111,7
routes,4714.2,958.166,7
routes,4710.69,959.6284,7
routes,4706.888,961.0908,7
routes,4703.378,962.5532,7
routes,4699.576,963.7231,7
routes,4695.774,964.6006,7
routes,4691.679,965.1855,7
routes,4687.584,966.063,7
routes,4683.49,966.6479,7
routes,4679.688,967.2329,7
routes,4675.593,968.1104,7
routes,4671.791,968.6953,7
routes,4667.988,969.2803,7
routes,4664.186,968.4028,7
routes,4660.091,967.5254,7
routes,4656.289,966.6479,7
routes,4652.194,965.7705,7
routes,4648.392,964.6006,7
routes,4644.59,963.7231,7
routes,4640.788,962.8457,7
routes,4636.985,961.9683,7
routes,4633.183,961.0908,7
routes,4629.381,959.9209,7
routes,4625.579,959.0435,7
routes,4621.776,958.166,7
routes,4617.974,957.2886,7
routes,4614.172,956.1187,7
routes,4610.37,955.2412,7
routes,4607.445,952.6089,7
routes,4605.105,949.3916,7
routes,4603.058,946.1743,7
routes,4600.425,942.957,7
routes,4598.085,939.7397,7
routes,4595.746,936.5225,7
routes,4593.406,933.3052,7
routes,4593.113,929.5029,7
routes,4593.113,925.7007,7
routes,4592.821,921.8984,7
routes,4592.821,918.0962,7
routes,4592.528,914.0015,7
routes,4592.528,910.1992,7
routes,4592.236,906.1045,7
routes,4592.236,902.3022,7
routes,4591.943,898.2075,7
routes,4591.943,894.1128,7
routes,4591.943,890.3105,7
routes,4592.528,886.5083,7
routes,4593.113,882.7061,7
routes,4593.698,878.9038,7
routes,4594.576,875.1016,7
routes,4595.161,871.2993,7
routes,4595.746,867.2046,7
routes,4596.623,863.4023,7
routes,4597.208,859.6001,7
routes,4598.085,855.7979,7
routes,4599.84,852.2881,7
routes,4601.595,848.4858,7
routes,4603.35,844.9761,7
routes,4605.105,841.1738,7
routes,4606.86,837.6641,7
routes,4608.615,834.1543,7
routes,4610.37,830.6445,7
routes,4612.417,827.4272,7
routes,4614.757,824.21,7
routes,4617.097,820.9927,7
routes,4619.729,817.4829,7
routes,4622.069,814.2656,7
routes,4624.409,810.7559,7
routes,4627.041,807.2461,7
routes,4629.673,803.7363,7
routes,4632.013,800.519,7
routes,4634.353,797.3018,7
routes,4636.693,794.0845,7
routes,4639.033,790.8672,7
routes,4641.373,787.6499,7
routes,4644.297,783.5552,7
routes,4646.637,780.3379,7
routes,4648.977,777.1206,7
routes,4651.902,774.1958,7
routes,4654.827,771.5635,7
routes,4658.044,768.9312,7
routes,4661.261,766.2988,7
routes,4664.479,763.6665,7
routes,4667.403,761.0342,7
routes,4670.621,758.4019,7
routes,4673.838,755.7695,7
routes,4677.055,753.1372,7
routes,4679.98,750.5049,7
routes,4683.782,748.4575,7
routes,4687.584,746.9951,7
routes,4691.387,745.2402,7
routes,4695.189,743.7778,7
routes,4698.699,742.3154,7
routes,4702.208,740.853,7
routes,4706.011,739.3906,7
routes,4709.521,737.9282,7
routes,4713.03,736.4658,7
routes,4717.125,735.0034,7
routes,4720.927,734.7109,7
routes,4724.729,734.4185,7
routes,4728.824,734.126,7
routes,4732.626,733.8335,7
routes,4736.429,733.541,7
routes,4740.231,733.541,7
routes,4744.033,733.2485,7
routes,4747.835,732.9561,7
routes,4751.638,732.6636,7
routes,4755.44,732.3711,7
routes,4759.242,732.0786,7
routes,4763.044,731.7861,7
routes,4766.847,731.4937,7
routes,4770.649,731.2012,7
routes,4774.451,730.9087,7
routes,4778.253,730.9087,7
routes,4781.763,729.4463,7
routes,4780.593,725.644,7
routes,4779.423,721.8418,7
routes,4777.961,718.332,7
routes,4776.791,714.5298,7
routes,4775.329,711.02,7
start routes
draw,1
date,2011/09/29(Я) 20:26:44
popup,4778,729,1,0
popup,4729,745,2,0
popup,4680,769,3,0
popup,4644,814,4,0
popup,4606,862,5,0
popup,4604,919,6,0
popup,4632,959,7,0
popup,4685,966,8,0
popup,4750,937,9,0
popup,4785,915,10,0
popup,30,878,11,0
routes,4774.451,707.8027,0
routes,4775.621,711.605,0
routes,4776.499,715.4072,0
routes,4777.376,719.2095,0
routes,4778.253,723.0117,0
routes,4779.131,726.814,0
routes,4776.791,730.0313,0
routes,4773.281,731.4937,0
routes,4769.479,732.6636,0
routes,4765.677,733.8335,0
routes,4752.223,738.2207,0
routes,4748.42,739.3906,0
routes,4744.618,740.853,0
routes,4740.523,742.0229,0
routes,4736.429,743.4854,0
routes,4732.334,744.6553,0
routes,4728.532,746.1177,0
routes,4724.729,747.2876,0
routes,4720.927,748.4575,0
routes,4717.125,749.6274,0
routes,4711.86,751.3823,0
routes,4708.058,752.5522,0
routes,4704.256,754.0146,0
routes,4700.454,755.1846,0
routes,4696.651,756.3545,0
routes,4692.849,757.5244,0
routes,4688.754,758.9868,0
routes,4685.83,761.6191,0
routes,4683.197,765.1289,0
routes,4680.857,768.3462,0
routes,4678.225,771.5635,0
routes,4675.593,774.7808,0
routes,4673.253,777.998,0
routes,4670.621,781.2153,0
routes,4667.988,784.7251,0
routes,4665.356,788.2349,0
routes,4662.724,791.4521,0
routes,4660.091,794.6694,0
routes,4657.751,797.8867,0
routes,4655.119,801.3965,0
routes,4652.487,804.3213,0
routes,4650.147,807.5386,0
routes,4647.807,810.7559,0
routes,4645.175,813.6807,0
routes,4642.835,816.8979,0
routes,4640.495,820.1152,0
routes,4637.863,823.3325,0
routes,4635.23,826.5498,0
routes,4632.891,829.7671,0
routes,4630.258,832.9844,0
routes,4627.626,836.2017,0
routes,4625.286,839.4189,0
routes,4622.654,842.6362,0
routes,4620.021,845.8535,0
routes,4617.389,849.3633,0
routes,4614.757,852.5806,0
routes,4612.125,856.0903,0
routes,4609.492,859.3076,0
routes,4606.86,862.8174,0
routes,4604.52,866.0347,0
routes,4604.228,869.8369,0
routes,4604.228,873.9316,0
routes,4604.228,877.7339,0
routes,4604.228,881.5361,0
routes,4604.228,885.3384,0
routes,4604.228,889.1406,0
routes,4604.228,893.2354,0
routes,4604.228,897.0376,0
routes,4604.228,902.0098,0
routes,4604.228,906.1045,0
routes,4604.228,909.9067,0
routes,4604.228,914.0015,0
routes,4604.228,917.8037,0
routes,4604.228,921.606,0
routes,4604.228,925.7007,0
routes,4604.813,929.7954,0
routes,4606.275,933.3052,0
routes,4607.737,936.8149,0
routes,4609.2,940.3247,0
routes,4610.662,943.8345,0
routes,4612.125,947.6367,0
routes,4613.587,951.439,0
routes,4616.804,954.0713,0
routes,4620.606,955.5337,0
routes,4624.409,956.9961,0
routes,4628.503,958.4585,0
routes,4632.306,959.9209,0
routes,4636.4,961.0908,0
routes,4640.203,962.5532,0
routes,4645.467,964.0156,0
routes,4649.27,965.1855,0
routes,4653.072,966.6479,0
routes,4656.874,967.8179,0
routes,4660.676,967.8179,0
routes,4664.479,967.8179,0
routes,4668.573,967.8179,0
routes,4672.375,967.5254,0
routes,4676.178,967.5254,0
routes,4680.272,967.2329,0
routes,4684.367,966.9404,0
routes,4688.169,965.7705,0
routes,4691.972,964.8931,0
routes,4695.774,964.0156,0
routes,4699.576,963.1382,0
routes,4703.378,961.9683,0
routes,4707.181,961.0908,0
routes,4710.983,960.2134,0
routes,4714.785,959.3359,0
routes,4719.465,956.9961,0
routes,4722.682,954.9487,0
routes,4726.192,952.9014,0
routes,4729.409,950.854,0
routes,4732.919,948.5142,0
routes,4736.136,946.4668,0
routes,4750.468,937.6924,0
routes,4753.685,935.645,0
routes,4757.195,933.5977,0
routes,4760.412,931.2578,0
routes,4763.922,929.2104,0
routes,4767.139,927.1631,0
routes,4770.649,925.1157,0
routes,4773.866,923.0684,0
routes,4777.376,921.021,0
routes,4780.593,918.9736,0
routes,4783.811,916.6338,0
routes,4787.32,914.5864,0
routes,4790.83,912.5391,0
routes,0,911.6616,0
routes,3.217285,909.6143,0
routes,6.727051,907.5669,0
routes,9.944336,905.5195,0
routes,13.4541,903.4722,0
routes,16.37891,900.8398,0
routes,18.42627,897.6226,0
routes,20.47363,894.4053,0
routes,22.521,891.188,0
routes,24.56836,887.9707,0
routes,26.61572,884.4609,0
routes,28.66309,881.2437,0
routes,30.71045,878.0264,0
routes,32.75781,874.5166,0
routes,35.68262,870.1294,0
