start routes
popup,4636,962,1,3
popup,4583,976,2,3
popup,4534,988,3,3
popup,4481,1001,4,3
popup,4427,1014,5,3
popup,4382,1026,6,3
popup,4346,1039,7,3
popup,4309,1099,8,3
popup,4290,1129,9,3
popup,4263,1173,10,3
popup,4228,1206,11,3
popup,4163,1207,12,3
popup,4104,1211,13,3
popup,4042,1213,14,3
popup,3984,1215,15,3
popup,3925,1217,16,3
popup,3871,1217,17,3
popup,3821,1218,18,3
popup,3776,1220,19,3
popup,3776,1220,20,3
popup,3775,1219,21,3
accidents,3779,1220,18,106
routes,4641,961,3
routes,4634,963,3
routes,4627,964,3
routes,4620,966,3
routes,4613,968,3
routes,4606,970,3
routes,4599,971,3
routes,4583,976,3
routes,4576,977,3
routes,4569,979,3
routes,4562,981,3
routes,4555,983,3
routes,4548,984,3
routes,4541,986,3
routes,4534,988,3
routes,4527,990,3
routes,4520,991,3
routes,4513,993,3
routes,4506,995,3
routes,4499,997,3
routes,4492,998,3
routes,4485,1000,3
routes,4478,1002,3
routes,4471,1003,3
routes,4464,1005,3
routes,4457,1007,3
routes,4450,1009,3
routes,4443,1010,3
routes,4436,1012,3
routes,4429,1014,3
routes,4422,1016,3
routes,4414,1018,3
routes,4407,1019,3
routes,4400,1021,3
routes,4385,1025,3
routes,4378,1027,3
routes,4371,1028,3
routes,4364,1030,3
routes,4357,1032,3
routes,4351,1036,3
routes,4345,1040,3
routes,4327,1069,3
routes,4324,1076,3
routes,4309,1099,3
routes,4305,1106,3
routes,4301,1112,3
routes,4297,1118,3
routes,4293,1124,3
routes,4289,1130,3
routes,4285,1136,3
routes,4281,1143,3
routes,4277,1149,3
routes,4273,1156,3
routes,4269,1162,3
routes,4265,1168,3
routes,4262,1175,3
routes,4258,1181,3
routes,4254,1187,3
routes,4250,1193,3
routes,4246,1200,3
routes,4240,1206,3
routes,4233,1206,3
routes,4226,1206,3
routes,4219,1206,3
routes,4212,1206,3
routes,4205,1206,3
routes,4198,1206,3
routes,4191,1206,3
routes,4184,1206,3
routes,4177,1206,3
routes,4170,1207,3
routes,4163,1207,3
routes,4156,1208,3
routes,4149,1208,3
routes,4142,1209,3
routes,4135,1209,3
routes,4128,1210,3
routes,4121,1210,3
routes,4114,1211,3
routes,4107,1211,3
routes,4100,1212,3
routes,4093,1212,3
routes,4086,1212,3
routes,4079,1212,3
routes,4072,1212,3
routes,4065,1213,3
routes,4058,1213,3
routes,4051,1213,3
routes,4044,1213,3
routes,4037,1214,3
routes,4030,1214,3
routes,4023,1214,3
routes,4016,1214,3
routes,4009,1214,3
routes,4002,1215,3
routes,3995,1215,3
routes,3988,1215,3
routes,3981,1216,3
routes,3974,1216,3
routes,3967,1216,3
routes,3960,1216,3
routes,3953,1217,3
routes,3946,1217,3
routes,3939,1217,3
routes,3932,1217,3
routes,3925,1217,3
routes,3918,1218,3
routes,3911,1218,3
routes,3904,1218,3
routes,3897,1219,3
routes,3890,1219,3
routes,3883,1219,3
routes,3876,1219,3
routes,3869,1217,3
routes,3862,1217,3
routes,3855,1217,3
routes,3848,1217,3
routes,3841,1218,3
routes,3834,1218,3
routes,3827,1218,3
routes,3820,1218,3
routes,3813,1219,3
routes,3806,1219,3
routes,3799,1219,3
routes,3790,1219,3
routes,3783,1220,3
routes,3776,1220,3
routes,3769,1219,3
routes,3762,1219,3
start routes
popup,3714,1262,1,4
popup,3679,1281,2,4
popup,3625,1291,3,4
popup,3576,1300,4,4
popup,3522,1309,5,4
popup,3468,1319,6,4
popup,3416,1328,7,4
popup,3360,1338,8,4
popup,3303,1348,9,4
popup,3244,1358,10,4
popup,3188,1368,11,4
popup,3126,1379,12,4
popup,3064,1390,13,4
popup,2999,1401,14,4
popup,2933,1413,15,4
popup,2867,1425,16,4
popup,2802,1436,17,4
popup,2734,1448,18,4
popup,2673,1468,19,4
popup,2601,1491,20,4
popup,2540,1513,21,4
popup,2492,1536,22,4
popup,2479,1538,23,4
popup,2423,1538,24,4
popup,2355,1538,25,4
popup,2283,1538,26,4
popup,2215,1538,27,4
popup,2132,1538,28,4
popup,2076,1538,29,4
popup,2019,1538,30,4
popup,1955,1538,31,4
popup,1903,1535,32,4
popup,1853,1523,33,4
popup,1816,1514,34,4
popup,1775,1503,35,4
popup,1740,1487,36,4
popup,1706,1449,37,4
accidents,2922,1415,15,102
accidents,2498,1534,21,101
routes,3719,1245,4
routes,3717,1252,4
routes,3715,1259,4
routes,3712,1266,4
routes,3710,1273,4
routes,3704,1277,4
routes,3697,1278,4
routes,3690,1279,4
routes,3683,1281,4
routes,3676,1282,4
routes,3669,1283,4
routes,3662,1284,4
routes,3655,1286,4
routes,3648,1287,4
routes,3641,1288,4
routes,3634,1289,4
routes,3627,1291,4
routes,3620,1292,4
routes,3613,1293,4
routes,3606,1294,4
routes,3599,1295,4
routes,3592,1297,4
routes,3585,1298,4
routes,3578,1299,4
routes,3571,1300,4
routes,3564,1302,4
routes,3557,1303,4
routes,3550,1304,4
routes,3543,1305,4
routes,3536,1307,4
routes,3529,1308,4
routes,3522,1309,4
routes,3515,1310,4
routes,3508,1312,4
routes,3501,1313,4
routes,3494,1314,4
routes,3487,1315,4
routes,3480,1317,4
routes,3473,1318,4
routes,3466,1319,4
routes,3459,1320,4
routes,3452,1322,4
routes,3445,1323,4
routes,3438,1324,4
routes,3431,1325,4
routes,3424,1326,4
routes,3417,1328,4
routes,3410,1329,4
routes,3403,1330,4
routes,3396,1331,4
routes,3389,1333,4
routes,3382,1334,4
routes,3375,1335,4
routes,3368,1336,4
routes,3360,1338,4
routes,3353,1339,4
routes,3346,1340,4
routes,3339,1341,4
routes,3332,1343,4
routes,3325,1344,4
routes,3318,1345,4
routes,3311,1346,4
routes,3304,1348,4
routes,3297,1349,4
routes,3290,1350,4
routes,3283,1351,4
routes,3276,1353,4
routes,3269,1354,4
routes,3262,1355,4
routes,3255,1356,4
routes,3248,1357,4
routes,3241,1359,4
routes,3234,1360,4
routes,3227,1361,4
routes,3220,1362,4
routes,3213,1364,4
routes,3206,1365,4
routes,3199,1366,4
routes,3192,1367,4
routes,3185,1369,4
routes,3178,1370,4
routes,3171,1371,4
routes,3164,1372,4
routes,3157,1374,4
routes,3150,1375,4
routes,3143,1376,4
routes,3136,1377,4
routes,3126,1379,4
routes,3119,1380,4
routes,3112,1381,4
routes,3105,1383,4
routes,3098,1384,4
routes,3091,1385,4
routes,3084,1386,4
routes,3077,1388,4
routes,3070,1389,4
routes,3063,1390,4
routes,3056,1391,4
routes,3049,1393,4
routes,3042,1394,4
routes,3035,1395,4
routes,3028,1396,4
routes,3021,1398,4
routes,3014,1399,4
routes,3007,1400,4
routes,3000,1401,4
routes,2993,1403,4
routes,2986,1404,4
routes,2979,1405,4
routes,2972,1406,4
routes,2965,1408,4
routes,2958,1409,4
routes,2951,1410,4
routes,2944,1411,4
routes,2937,1412,4
routes,2930,1414,4
routes,2923,1415,4
routes,2916,1416,4
routes,2909,1417,4
routes,2902,1419,4
routes,2895,1420,4
routes,2888,1421,4
routes,2881,1422,4
routes,2874,1424,4
routes,2867,1425,4
routes,2860,1426,4
routes,2853,1427,4
routes,2846,1429,4
routes,2839,1430,4
routes,2832,1431,4
routes,2825,1432,4
routes,2818,1433,4
routes,2811,1435,4
routes,2804,1436,4
routes,2797,1437,4
routes,2790,1438,4
routes,2783,1439,4
routes,2776,1441,4
routes,2769,1442,4
routes,2762,1443,4
routes,2755,1445,4
routes,2748,1446,4
routes,2741,1447,4
routes,2734,1448,4
routes,2727,1450,4
routes,2720,1453,4
routes,2713,1455,4
routes,2706,1457,4
routes,2699,1460,4
routes,2692,1462,4
routes,2685,1464,4
routes,2678,1466,4
routes,2671,1469,4
routes,2664,1471,4
routes,2657,1473,4
routes,2650,1475,4
routes,2643,1478,4
routes,2636,1480,4
routes,2629,1482,4
routes,2622,1484,4
routes,2615,1487,4
routes,2608,1489,4
routes,2601,1491,4
routes,2594,1493,4
routes,2587,1496,4
routes,2580,1498,4
routes,2572,1501,4
routes,2565,1503,4
routes,2558,1505,4
routes,2551,1508,4
routes,2544,1511,4
routes,2537,1514,4
routes,2530,1518,4
routes,2523,1521,4
routes,2516,1524,4
routes,2510,1528,4
routes,2502,1532,4
routes,2494,1535,4
routes,2487,1538,4
routes,2480,1538,4
routes,2473,1538,4
routes,2466,1538,4
routes,2459,1538,4
routes,2452,1538,4
routes,2445,1538,4
routes,2438,1538,4
routes,2431,1538,4
routes,2424,1538,4
routes,2417,1538,4
routes,2410,1538,4
routes,2403,1538,4
routes,2396,1538,4
routes,2389,1538,4
routes,2382,1538,4
routes,2375,1538,4
routes,2368,1538,4
routes,2361,1538,4
routes,2354,1538,4
routes,2347,1538,4
routes,2340,1538,4
routes,2333,1538,4
routes,2326,1538,4
routes,2319,1538,4
routes,2312,1538,4
routes,2305,1538,4
routes,2298,1538,4
routes,2291,1538,4
routes,2284,1538,4
routes,2277,1538,4
routes,2270,1538,4
routes,2263,1538,4
routes,2256,1538,4
routes,2249,1538,4
routes,2242,1538,4
routes,2235,1538,4
routes,2228,1538,4
routes,2221,1538,4
routes,2214,1538,4
routes,2207,1538,4
routes,2200,1538,4
routes,2193,1538,4
routes,2186,1538,4
routes,2179,1538,4
routes,2172,1538,4
routes,2165,1538,4
routes,2158,1538,4
routes,2132,1538,4
routes,2125,1538,4
routes,2118,1538,4
routes,2111,1538,4
routes,2104,1538,4
routes,2097,1538,4
routes,2090,1538,4
routes,2083,1538,4
routes,2076,1538,4
routes,2069,1538,4
routes,2062,1538,4
routes,2048,1538,4
routes,2041,1538,4
routes,2034,1538,4
routes,2027,1538,4
routes,2020,1538,4
routes,2013,1538,4
routes,2006,1538,4
routes,1999,1538,4
routes,1992,1538,4
routes,1985,1538,4
routes,1978,1538,4
routes,1971,1538,4
routes,1964,1538,4
routes,1955,1538,4
routes,1948,1538,4
routes,1941,1538,4
routes,1934,1538,4
routes,1927,1538,4
routes,1920,1538,4
routes,1913,1538,4
routes,1906,1536,4
routes,1899,1534,4
routes,1892,1533,4
routes,1885,1531,4
routes,1878,1529,4
routes,1871,1528,4
routes,1853,1523,4
routes,1846,1521,4
routes,1839,1520,4
routes,1832,1518,4
routes,1825,1516,4
routes,1818,1514,4
routes,1811,1513,4
routes,1804,1511,4
routes,1797,1509,4
routes,1790,1507,4
routes,1783,1505,4
routes,1776,1504,4
routes,1769,1502,4
routes,1762,1500,4
routes,1755,1498,4
routes,1748,1495,4
routes,1742,1489,4
routes,1737,1484,4
routes,1733,1478,4
routes,1728,1473,4
routes,1723,1468,4
routes,1719,1462,4
routes,1714,1457,4
routes,1709,1452,4
routes,1704,1447,4
routes,1700,1441,4
start routes
popup,4630,816,1,5
popup,4629,805,2,5
popup,4619,797,3,5
popup,4587,792,4,5
popup,4587,785,5,5
popup,4586,781,6,5
popup,4586,779,7,5
popup,4586,778,8,5
popup,4585,776,9,5
popup,4585,774,10,5
popup,4584,772,11,5
popup,4584,771,13,5
popup,4583,770,14,5
popup,4583,769,15,5
popup,4581,766,16,5
popup,4580,764,17,5
popup,4578,761,18,5
popup,4577,759,19,5
popup,4575,757,20,5
popup,4573,756,21,5
popup,4572,755,22,5
popup,4570,754,23,5
popup,4570,753,24,5
popup,4570,753,25,5
popup,4566,751,26,5
popup,4564,750,27,5
popup,4562,749,28,5
popup,4560,748,29,5
popup,4557,747,30,5
popup,4554,747,31,5
popup,4551,746,32,5
popup,4549,746,33,5
popup,4549,746,34,5
popup,4548,739,35,5
popup,4547,730,36,5
popup,4546,721,37,5
popup,4543,713,38,5
popup,4540,705,39,5
popup,4574,711,40,5
popup,4634,722,41,5
popup,4689,731,42,5
accidents,4550,746,32,108
routes,4634,847,5
routes,4630,816,5
routes,4630,809,5
routes,4628,802,5
routes,4623,797,5
routes,4616,796,5
routes,4609,795,5
routes,4602,794,5
routes,4595,793,5
routes,4588,792,5
routes,4587,785,5
routes,4586,778,5
routes,4584,771,5
routes,4580,765,5
routes,4576,759,5
routes,4571,754,5
routes,4565,750,5
routes,4558,748,5
routes,4551,746,5
routes,4548,739,5
routes,4548,732,5
routes,4547,725,5
routes,4545,718,5
routes,4542,711,5
routes,4547,706,5
routes,4554,708,5
routes,4561,709,5
routes,4568,710,5
routes,4575,711,5
routes,4582,713,5
routes,4589,714,5
routes,4596,715,5
routes,4603,716,5
routes,4610,717,5
routes,4617,719,5
routes,4624,720,5
routes,4631,721,5
routes,4638,722,5
routes,4645,724,5
routes,4652,725,5
routes,4659,726,5
routes,4666,727,5
routes,4673,729,5
routes,4680,730,5
routes,4687,731,5
routes,4694,732,5
routes,4701,732,5
start routes
popup,4687,735,1,6
popup,4647,740,2,6
popup,4615,747,3,6
popup,4602,752,4,6
popup,4589,759,5,6
popup,4578,768,6,6
popup,4567,779,7,6
popup,4558,790,8,6
popup,4551,803,9,6
popup,4545,816,10,6
popup,4541,830,11,6
popup,4539,844,12,6
popup,4539,858,13,6
popup,4539,872,14,6
popup,4541,885,15,6
popup,4544,898,16,6
popup,4548,909,17,6
popup,4554,919,18,6
popup,4561,930,19,6
popup,4570,938,20,6
popup,4577,946,21,6
popup,4586,953,22,6
popup,4597,959,23,6
popup,4608,964,24,6
popup,4619,967,25,6
popup,4632,969,26,6
popup,4646,969,27,6
popup,4624,959,28,6
popup,4604,934,29,6
popup,4603,892,30,6
popup,4602,868,31,6
popup,4603,857,32,6
popup,4606,847,33,6
popup,4610,835,34,6
popup,4616,825,35,6
popup,4624,814,36,6
popup,4633,805,37,6
popup,4643,795,38,6
popup,4652,788,39,6
popup,4662,782,40,6
popup,4672,778,41,6
popup,4683,775,42,6
popup,4688,779,43,6
popup,4686,786,44,6
routes,4704,729,6
routes,4698,733,6
routes,4691,734,6
routes,4684,735,6
routes,4677,735,6
routes,4670,736,6
routes,4663,737,6
routes,4656,738,6
routes,4649,739,6
routes,4642,741,6
routes,4635,742,6
routes,4628,744,6
routes,4621,745,6
routes,4614,747,6
routes,4607,750,6
routes,4600,753,6
routes,4593,756,6
routes,4587,760,6
routes,4582,765,6
routes,4576,770,6
routes,4571,775,6
routes,4566,780,6
routes,4562,786,6
routes,4558,792,6
routes,4554,798,6
routes,4550,804,6
routes,4547,811,6
routes,4544,818,6
routes,4542,825,6
routes,4541,832,6
routes,4539,839,6
routes,4539,846,6
routes,4539,853,6
routes,4539,860,6
routes,4539,867,6
routes,4539,874,6
routes,4540,881,6
routes,4541,888,6
routes,4543,895,6
routes,4545,902,6
routes,4548,909,6
routes,4552,916,6
routes,4556,922,6
routes,4560,928,6
routes,4565,933,6
routes,4570,938,6
routes,4575,943,6
routes,4580,948,6
routes,4586,952,6
routes,4592,956,6
routes,4598,960,6
routes,4605,963,6
routes,4612,965,6
routes,4619,967,6
routes,4626,968,6
routes,4633,969,6
routes,4640,970,6
routes,4647,969,6
routes,4640,966,6
routes,4633,963,6
routes,4626,960,6
routes,4619,957,6
routes,4614,952,6
routes,4611,945,6
routes,4607,939,6
routes,4604,932,6
routes,4604,925,6
routes,4603,918,6
routes,4603,911,6
routes,4603,904,6
routes,4603,897,6
routes,4603,890,6
routes,4602,883,6
routes,4602,876,6
routes,4602,869,6
routes,4603,862,6
routes,4604,855,6
routes,4605,848,6
routes,4608,841,6
routes,4610,834,6
routes,4614,828,6
routes,4618,822,6
routes,4622,816,6
routes,4627,811,6
routes,4632,806,6
routes,4637,801,6
routes,4642,796,6
routes,4648,792,6
routes,4653,787,6
routes,4660,784,6
routes,4666,780,6
routes,4673,778,6
routes,4680,776,6
routes,4687,774,6
routes,4686,781,6
routes,4682,787,6
routes,4689,786,6
start routes
popup,4634,854,3,7
popup,4634,854,4,7
popup,4634,854,5,7
popup,4637,851,6,7
popup,4646,842,7,7
popup,4653,835,8,7
popup,4657,832,9,7
popup,4668,822,10,7
routes,4634,854,7
routes,4639,849,7
routes,4644,844,7
routes,4649,839,7
routes,4657,832,7
routes,4668,822,7
start routes
popup,4669,821,14,0
popup,4672,817,15,0
popup,4688,808,16,0
routes,4669,821,0
routes,4674,816,0
routes,4679,811,0
routes,4686,809,0
routes,4693,806,0
routes,4700,804,0
routes,4707,801,0
start routes
popup,4706,799,1,1
popup,4683,818,2,1
popup,4639,850,3,1
popup,4620,841,4,1
popup,4649,808,5,1
popup,4674,773,6,1
popup,4696,742,7,1
popup,4684,757,8,1
popup,4651,803,9,1
popup,4616,851,10,1
popup,4601,901,11,1
routes,4708,799,1
routes,4701,802,1
routes,4696,807,1
routes,4690,811,1
routes,4685,816,1
routes,4679,820,1
routes,4674,825,1
routes,4668,830,1
routes,4663,835,1
routes,4657,839,1
routes,4652,844,1
routes,4646,848,1
routes,4639,850,1
routes,4632,851,1
routes,4625,852,1
routes,4618,853,1
routes,4611,854,1
routes,4614,847,1
routes,4619,842,1
routes,4624,837,1
routes,4629,832,1
routes,4634,827,1
routes,4639,822,1
routes,4643,816,1
routes,4647,810,1
routes,4651,804,1
routes,4655,798,1
routes,4660,793,1
routes,4664,787,1
routes,4668,781,1
routes,4672,775,1
routes,4677,770,1
routes,4681,764,1
routes,4685,758,1
routes,4689,752,1
routes,4694,746,1
routes,4698,740,1
routes,4702,734,1
routes,4697,739,1
routes,4693,745,1
routes,4689,751,1
routes,4684,757,1
routes,4680,763,1
routes,4676,769,1
routes,4671,775,1
routes,4667,781,1
routes,4663,787,1
routes,4658,792,1
routes,4654,798,1
routes,4650,804,1
routes,4646,810,1
routes,4642,816,1
routes,4637,821,1
routes,4633,827,1
routes,4629,833,1
routes,4625,839,1
routes,4620,845,1
routes,4616,851,1
routes,4612,857,1
routes,4608,863,1
routes,4603,868,1
routes,4601,875,1
routes,4601,882,1
routes,4601,889,1
routes,4601,896,1
routes,4601,903,1
routes,4601,910,1
routes,4601,917,1
routes,4601,924,1
routes,4605,930,1
routes,4610,935,1
start routes
popup,61,614,14,2
popup,61,614,15,2
popup,61,614,16,2
popup,60,609,17,2
popup,57,602,18,2
popup,53,595,19,2
popup,45,584,20,2
popup,36,574,21,2
popup,26,564,22,2
popup,25,563,23,2
popup,24,562,24,2
popup,24,562,25,2
popup,24,562,26,2
popup,24,562,27,2
popup,24,562,28,2
popup,24,562,29,2
popup,24,562,30,2
routes,61,614,2
routes,59,607,2
routes,56,600,2
routes,52,594,2
routes,48,588,2
routes,44,582,2
routes,39,577,2
routes,34,572,2
routes,29,567,2
routes,24,562,2
start routes
popup,24,562,37,4
popup,24,562,38,4
popup,24,562,39,4
popup,35,565,40,4
accidents,24,562,39,108
routes,24,562,4
routes,35,565,4
routes,42,566,4
routes,49,568,4
routes,56,569,4
routes,63,570,4
start routes
popup,69,570,1,3
popup,58,570,2,3
popup,47,568,3,3
popup,35,565,4,3
popup,24,559,5,3
popup,13,553,6,3
popup,3,545,7,3
popup,4787,541,8,3
popup,4778,530,9,3
popup,4770,518,10,3
popup,4765,506,11,3
popup,4760,493,12,3
popup,4758,479,13,3
popup,4758,468,14,3
popup,4761,481,15,3
popup,4763,493,16,3
popup,4762,505,17,3
popup,4761,517,18,3
popup,4760,526,19,3
popup,4757,536,20,3
popup,4753,545,21,3
popup,4746,549,22,3
popup,4739,552,23,3
popup,4730,554,24,3
popup,4721,555,25,3
popup,4715,559,26,3
popup,4710,567,27,3
popup,4704,574,28,3
popup,4699,580,29,3
popup,4690,580,30,3
popup,4680,577,31,3
popup,4674,583,32,3
popup,4668,588,33,3
popup,4666,589,34,3
popup,4666,589,35,3
popup,4667,596,36,3
popup,4674,618,37,3
popup,4670,631,38,3
popup,4642,650,39,3
popup,4615,668,40,3
popup,4620,682,41,3
popup,4627,694,42,3
popup,4636,707,43,3
popup,4645,718,44,3
popup,4654,727,45,3
popup,4666,735,46,3
popup,4678,742,47,3
popup,4691,747,48,3
popup,4704,751,49,3
popup,4717,753,50,3
popup,4726,748,51,3
popup,4734,741,52,3
popup,4764,734,53,3
accidents,4,546,6,105
accidents,4701,578,28,108
routes,62,570,3
routes,55,570,3
routes,48,568,3
routes,41,567,3
routes,34,564,3
routes,27,561,3
routes,20,558,3
routes,14,554,3
routes,8,550,3
routes,3,545,3
routes,4788,542,3
routes,4783,537,3
routes,4779,531,3
routes,4775,525,3
routes,4771,519,3
routes,4768,512,3
routes,4765,505,3
routes,4762,498,3
routes,4760,491,3
routes,4759,484,3
routes,4758,477,3
routes,4758,470,3
routes,4760,477,3
routes,4761,484,3
routes,4762,491,3
routes,4763,498,3
routes,4762,505,3
routes,4762,512,3
routes,4761,519,3
routes,4760,526,3
routes,4758,533,3
routes,4756,540,3
routes,4752,546,3
routes,4745,549,3
routes,4738,552,3
routes,4731,554,3
routes,4724,555,3
routes,4717,555,3
routes,4713,561,3
routes,4710,568,3
routes,4705,573,3
routes,4700,578,3
routes,4694,582,3
routes,4687,579,3
routes,4680,576,3
routes,4676,582,3
routes,4670,586,3
routes,4665,591,3
routes,4667,598,3
routes,4670,605,3
routes,4672,612,3
routes,4674,619,3
routes,4677,626,3
routes,4671,630,3
routes,4665,634,3
routes,4654,642,3
routes,4648,646,3
routes,4642,650,3
routes,4636,654,3
routes,4630,658,3
routes,4624,662,3
routes,4618,666,3
routes,4616,673,3
routes,4619,680,3
routes,4622,687,3
routes,4626,693,3
routes,4630,699,3
routes,4634,705,3
routes,4639,710,3
routes,4643,716,3
routes,4648,721,3
routes,4653,726,3
routes,4659,730,3
routes,4665,734,3
routes,4671,738,3
routes,4677,742,3
routes,4684,744,3
routes,4691,747,3
routes,4698,749,3
routes,4705,751,3
routes,4712,752,3
routes,4719,753,3
routes,4725,749,3
routes,4728,742,3
routes,4735,741,3
routes,4742,739,3
routes,4749,738,3
routes,4756,736,3
routes,4763,735,3
routes,4770,731,3
start routes
popup,4782,727,1,4
popup,3,726,2,4
popup,9,721,3,4
popup,11,713,4,4
popup,13,706,5,4
popup,17,699,6,4
popup,22,692,7,4
popup,27,687,8,4
popup,34,681,9,4
popup,43,675,10,4
popup,51,672,11,4
popup,61,669,12,4
routes,4777,728,4
routes,4784,727,4
routes,4791,727,4
routes,6,726,4
routes,9,719,4
routes,11,712,4
routes,13,705,4
routes,17,699,4
routes,21,693,4
routes,26,688,4
routes,31,683,4
routes,37,679,4
routes,43,675,4
routes,50,672,4
routes,57,670,4
routes,64,670,4
routes,64,677,4
routes,64,684,4
routes,65,691,4
routes,66,698,4
start routes
popup,65,693,1,5
popup,64,684,2,5
popup,62,674,3,5
popup,62,673,4,5
popup,62,672,5,5
popup,59,663,6,5
popup,55,653,7,5
popup,49,644,8,5
popup,41,634,9,5
popup,31,627,10,5
popup,21,620,11,5
popup,9,615,12,5
popup,4789,611,13,5
popup,4778,609,14,5
popup,4768,608,15,5
popup,4758,609,16,5
popup,4750,610,17,5
accidents,62,671,5,108
accidents,40,634,9,108
routes,65,691,5
routes,64,684,5
routes,63,677,5
routes,62,670,5
routes,59,663,5
routes,57,656,5
routes,53,650,5
routes,49,644,5
routes,45,638,5
routes,40,633,5
routes,34,629,5
routes,28,625,5
routes,23,620,5
routes,16,618,5
routes,9,615,5
routes,2,612,5
routes,4787,610,5
routes,4780,609,5
routes,4773,608,5
routes,4766,608,5
routes,4759,609,5
routes,4752,610,5
routes,4745,612,5
routes,4741,618,5
start routes
popup,4741,621,1,6
popup,4754,620,2,6
popup,4767,618,3,6
popup,4781,615,4,6
popup,0,609,5,6
popup,9,604,6,6
popup,15,599,7,6
popup,20,593,8,6
popup,24,586,9,6
popup,28,579,10,6
popup,30,570,11,6
popup,31,560,12,6
popup,31,550,13,6
popup,36,555,14,6
popup,41,568,15,6
popup,45,581,16,6
popup,46,594,17,6
popup,46,607,18,6
popup,45,619,19,6
popup,42,631,20,6
popup,38,642,21,6
popup,33,653,22,6
popup,26,663,23,6
popup,17,672,24,6
popup,7,680,25,6
popup,4788,686,26,6
popup,4782,688,27,6
popup,2,678,28,6
popup,4783,682,29,6
popup,4783,682,30,6
popup,4782,680,31,6
popup,4770,653,32,6
popup,4771,651,33,6
popup,4779,660,34,6
popup,4787,668,35,6
popup,5,675,36,6
popup,17,682,37,6
popup,29,686,38,6
popup,41,688,39,6
popup,55,693,40,6
accidents,4783,682,30,108
routes,4748,621,6
routes,4755,620,6
routes,4762,619,6
routes,4769,618,6
routes,4776,616,6
routes,4783,614,6
routes,4789,610,6
routes,4,607,6
routes,10,603,6
routes,15,598,6
routes,20,593,6
routes,24,587,6
routes,27,580,6
routes,29,573,6
routes,31,566,6
routes,31,559,6
routes,31,552,6
routes,37,556,6
routes,39,563,6
routes,42,570,6
routes,44,577,6
routes,45,584,6
routes,46,591,6
routes,46,598,6
routes,46,605,6
routes,46,612,6
routes,45,619,6
routes,44,626,6
routes,42,633,6
routes,39,640,6
routes,36,647,6
routes,32,653,6
routes,28,659,6
routes,24,665,6
routes,19,670,6
routes,14,675,6
routes,8,679,6
routes,2,683,6
routes,4787,686,6
routes,0,681,6
routes,4785,681,6
routes,4780,676,6
routes,4778,669,6
routes,4775,662,6
routes,4771,655,6
routes,4768,648,6
routes,4773,653,6
routes,4777,659,6
routes,4782,664,6
routes,4788,668,6
routes,1,673,6
routes,7,677,6
routes,14,680,6
routes,21,683,6
routes,28,685,6
routes,35,687,6
routes,42,688,6
routes,49,689,6
routes,55,693,6
routes,60,698,6
start routes
popup,71,680,1,7
popup,86,656,2,7
popup,108,622,3,7
popup,136,634,4,7
routes,66,699,7
routes,66,692,7
routes,69,685,7
routes,72,678,7
routes,76,672,7
routes,80,666,7
routes,84,660,7
routes,87,653,7
routes,89,646,7
routes,91,639,7
routes,95,633,7
routes,101,629,7
routes,106,624,7
routes,112,620,7
routes,119,618,7
routes,126,615,7
routes,132,619,7
routes,136,625,7
routes,136,632,7
routes,137,639,7
routes,137,646,7
routes,138,653,7
routes,138,660,7
routes,139,667,7
routes,139,674,7
routes,140,681,7
start routes
popup,4597,899,9,1
popup,4597,899,10,1
popup,4592,894,11,1
popup,4602,911,12,1
popup,4604,923,13,1
routes,4597,899,1
routes,4592,894,1
routes,4598,899,1
routes,4602,905,1
routes,4601,912,1
routes,4604,919,1
routes,4605,926,1
routes,4608,933,1
routes,4615,937,1
start routes
popup,107,618,6,2
popup,106,618,7,2
popup,99,625,8,2
routes,107.0479,618.3037,2
routes,104.123,620.936,2
routes,101.1982,623.5684,2
routes,98.27344,626.2007,2
routes,95.34863,628.833,2
start routes
popup,91,632,11,3
popup,90,633,12,3
popup,76,653,13,3
popup,49,693,14,3
accidents,84,641,12,108
routes,91.25391,632.6353,3
routes,88.62158,635.5601,3
routes,86.57422,638.7773,3
routes,84.23438,641.9946,3
routes,82.18701,645.2119,3
routes,80.13965,648.4292,3
routes,77.7998,651.6465,3
routes,75.75244,654.8638,3
routes,73.4126,658.0811,3
routes,71.36523,661.2983,3
routes,69.02539,664.5156,3
routes,66.97803,667.7329,3
routes,64.93066,670.9502,3
routes,62.59082,674.1675,3
routes,60.54346,677.3848,3
routes,58.20361,680.6021,3
routes,56.15625,683.8193,3
routes,53.81641,687.0366,3
routes,51.76904,690.2539,3
routes,49.72168,693.4712,3
routes,47.38184,696.6885,3
routes,45.33447,699.9058,3
routes,43.28711,703.123,3
routes,40.94727,706.3403,3
routes,38.8999,709.5576,3
routes,36.56006,712.7749,3
routes,34.22021,715.9922,3
routes,31.88037,719.2095,3
routes,29.54053,722.4268,3
routes,28.07813,726.229,3
start routes
popup,1700,1445,1,4
popup,1695,1433,2,4
routes,1699.896,1436.664,4
routes,1699.896,1440.466,4
routes,1700.189,1444.269,4
routes,1699.896,1440.466,4
routes,1698.142,1436.957,4
routes,1696.387,1433.447,4
routes,1697.264,1437.249,4
routes,1699.019,1440.759,4
start routes
popup,1698,1446,1,5
routes,1699.896,1436.664,5
routes,1698.434,1440.174,5
routes,1698.434,1443.976,5
routes,1698.434,1447.778,5
routes,1701.651,1445.146,5
routes,1701.944,1441.051,5
start routes
popup,2953,1464,1,0
popup,2908,1454,2,0
popup,2852,1443,3,0
popup,2796,1431,4,0
popup,2739,1418,5,0
popup,2684,1407,6,0
popup,2625,1394,7,0
popup,2567,1376,8,0
popup,2509,1357,9,0
popup,2456,1340,10,0
popup,2399,1322,11,0
popup,2342,1303,12,0
popup,2290,1286,13,0
popup,2236,1269,14,0
popup,2182,1251,15,0
popup,2127,1233,16,0
popup,2073,1215,17,0
popup,2023,1199,18,0
popup,1987,1178,19,0
popup,1964,1149,20,0
popup,1942,1120,21,0
popup,1920,1091,22,0
popup,1898,1061,23,0
popup,1878,1033,24,0
popup,1857,1004,25,0
routes,2962.827,1465.035,0
routes,2959.025,1465.62,0
routes,2955.223,1464.742,0
routes,2951.42,1464.157,0
routes,2947.618,1463.28,0
routes,2940.014,1461.525,0
routes,2936.211,1460.647,0
routes,2932.409,1460.063,0
routes,2928.607,1459.185,0
routes,2924.805,1458.308,0
routes,2921.002,1457.43,0
routes,2917.2,1456.845,0
routes,2908.718,1454.798,0
routes,2904.916,1454.213,0
routes,2901.114,1453.335,0
routes,2897.312,1452.458,0
routes,2893.509,1451.581,0
routes,2889.707,1450.996,0
routes,2865.724,1445.731,0
routes,2861.921,1444.854,0
routes,2858.119,1444.269,0
routes,2854.317,1443.391,0
routes,2847.59,1441.929,0
routes,2843.788,1441.051,0
routes,2839.985,1440.174,0
routes,2834.136,1439.004,0
routes,2830.333,1438.419,0
routes,2826.531,1437.542,0
routes,2822.729,1436.664,0
routes,2818.927,1435.787,0
routes,2815.125,1434.909,0
routes,2811.322,1434.324,0
routes,2807.52,1433.447,0
routes,2803.718,1432.569,0
routes,2799.916,1431.692,0
routes,2796.113,1431.107,0
routes,2792.311,1430.229,0
routes,2788.509,1429.352,0
routes,2784.707,1428.475,0
routes,2780.904,1427.89,0
routes,2777.102,1427.012,0
routes,2755.458,1422.333,0
routes,2751.656,1421.455,0
routes,2739.08,1418.823,0
routes,2735.277,1417.945,0
routes,2731.475,1417.36,0
routes,2727.673,1416.483,0
routes,2723.871,1415.605,0
routes,2720.068,1414.728,0
routes,2716.266,1414.143,0
routes,2712.464,1413.266,0
routes,2707.199,1412.096,0
routes,2703.397,1411.218,0
routes,2699.595,1410.341,0
routes,2695.792,1409.756,0
routes,2691.99,1408.878,0
routes,2688.188,1408.001,0
routes,2684.386,1407.124,0
routes,2680.583,1406.539,0
routes,2676.781,1405.661,0
routes,2672.979,1404.784,0
routes,2661.865,1402.444,0
routes,2658.063,1401.566,0
routes,2652.798,1400.396,0
routes,2648.996,1399.812,0
routes,2645.193,1398.934,0
routes,2641.391,1398.057,0
routes,2637.589,1397.179,0
routes,2633.787,1396.594,0
routes,2629.984,1395.717,0
routes,2626.182,1394.839,0
routes,2622.38,1393.962,0
routes,2618.578,1393.084,0
routes,2614.775,1391.915,0
routes,2610.973,1390.745,0
routes,2607.171,1389.282,0
routes,2603.369,1388.112,0
routes,2599.566,1386.942,0
routes,2595.764,1385.772,0
routes,2591.962,1384.31,0
routes,2588.16,1383.14,0
routes,2584.357,1381.97,0
routes,2580.555,1380.8,0
routes,2576.753,1379.63,0
routes,2567.979,1376.706,0
routes,2564.176,1375.536,0
routes,2560.374,1374.366,0
routes,2556.864,1372.903,0
routes,2553.062,1371.733,0
routes,2549.26,1370.563,0
routes,2542.825,1368.516,0
routes,2539.023,1367.346,0
routes,2535.221,1366.176,0
routes,2530.541,1364.421,0
routes,2526.739,1363.251,0
routes,2522.937,1362.082,0
routes,2519.134,1360.912,0
routes,2509.19,1357.694,0
routes,2505.388,1356.232,0
routes,2501.585,1355.062,0
routes,2497.783,1353.892,0
routes,2493.981,1352.722,0
routes,2490.179,1351.26,0
routes,2486.376,1350.09,0
routes,2482.574,1348.92,0
routes,2478.772,1347.75,0
routes,2474.97,1346.58,0
routes,2471.167,1345.118,0
routes,2467.365,1343.948,0
routes,2463.563,1342.778,0
routes,2459.761,1341.608,0
routes,2455.958,1340.146,0
routes,2452.156,1338.976,0
routes,2448.354,1337.806,0
routes,2444.552,1336.636,0
routes,2440.75,1335.466,0
routes,2436.947,1334.003,0
routes,2433.145,1332.833,0
routes,2429.343,1331.664,0
routes,2425.541,1330.494,0
routes,2421.738,1329.031,0
routes,2417.936,1327.861,0
routes,2414.134,1326.691,0
routes,2410.332,1325.521,0
routes,2406.529,1324.059,0
routes,2402.727,1322.889,0
routes,2398.925,1321.719,0
routes,2395.123,1320.549,0
routes,2391.32,1319.379,0
routes,2387.518,1318.209,0
routes,2384.008,1316.747,0
routes,2378.159,1314.992,0
routes,2374.356,1313.822,0
routes,2370.554,1312.36,0
routes,2366.752,1311.19,0
routes,2362.95,1310.02,0
routes,2359.147,1308.85,0
routes,2355.345,1307.68,0
routes,2351.543,1306.218,0
routes,2347.741,1305.048,0
routes,2343.938,1303.878,0
routes,2340.136,1302.708,0
routes,2336.334,1301.538,0
routes,2332.532,1300.076,0
routes,2328.729,1298.906,0
routes,2324.927,1297.736,0
routes,2321.125,1296.566,0
routes,2311.181,1293.349,0
routes,2307.378,1292.179,0
routes,2303.869,1290.716,0
routes,2300.066,1289.546,0
routes,2296.264,1288.376,0
routes,2292.462,1287.207,0
routes,2288.66,1286.037,0
routes,2284.857,1284.574,0
routes,2281.055,1283.404,0
routes,2277.253,1282.234,0
routes,2273.451,1281.064,0
routes,2269.648,1279.895,0
routes,2266.139,1278.432,0
routes,2262.336,1277.262,0
routes,2258.534,1276.092,0
routes,2254.732,1274.922,0
routes,2250.93,1273.752,0
routes,2247.127,1272.583,0
routes,2243.618,1271.12,0
routes,2239.815,1269.95,0
routes,2236.013,1268.78,0
routes,2232.211,1267.61,0
routes,2219.927,1263.516,0
routes,2216.125,1262.346,0
routes,2212.322,1261.176,0
routes,2208.52,1260.006,0
routes,2204.718,1258.543,0
routes,2200.916,1257.374,0
routes,2197.113,1256.204,0
routes,2193.311,1255.034,0
routes,2189.509,1253.864,0
routes,2185.707,1252.401,0
routes,2181.904,1251.231,0
routes,2178.102,1250.062,0
routes,2174.3,1248.892,0
routes,2170.498,1247.429,0
routes,2166.695,1246.259,0
routes,2162.893,1245.089,0
routes,2151.194,1241.287,0
routes,2147.392,1240.117,0
routes,2143.589,1238.947,0
routes,2139.787,1237.485,0
routes,2135.985,1236.315,0
routes,2132.183,1235.145,0
routes,2128.38,1233.975,0
routes,2124.578,1232.513,0
routes,2120.776,1231.343,0
routes,2116.974,1230.173,0
routes,2113.171,1229.003,0
routes,2109.369,1227.541,0
routes,2105.567,1226.371,0
routes,2101.765,1225.201,0
routes,2097.962,1224.031,0
routes,2093.575,1222.568,0
routes,2085.678,1219.936,0
routes,2081.876,1218.766,0
routes,2073.394,1215.841,0
routes,2069.592,1214.671,0
routes,2065.79,1213.501,0
routes,2061.987,1212.332,0
routes,2058.185,1211.162,0
routes,2054.383,1209.699,0
routes,2050.581,1208.529,0
routes,2046.778,1207.359,0
routes,2042.976,1206.189,0
routes,2039.174,1204.727,0
routes,2035.372,1203.557,0
routes,2031.569,1202.387,0
routes,2027.767,1201.217,0
routes,2023.965,1200.047,0
routes,2020.163,1198.585,0
routes,2016.36,1197.415,0
routes,2012.558,1196.245,0
routes,2008.756,1195.075,0
routes,2003.491,1193.32,0
routes,1999.689,1192.15,0
routes,1996.472,1190.103,0
routes,1993.254,1186.008,0
routes,1990.915,1182.791,0
routes,1988.282,1179.866,0
routes,1985.942,1176.649,0
routes,1983.603,1173.432,0
routes,1980.97,1170.507,0
routes,1978.63,1167.29,0
routes,1976.291,1164.072,0
routes,1973.658,1160.855,0
routes,1971.026,1157.638,0
routes,1967.809,1153.25,0
routes,1965.176,1150.326,0
routes,1962.836,1147.108,0
routes,1959.327,1142.429,0
routes,1956.694,1139.211,0
routes,1954.354,1135.994,0
routes,1951.722,1133.069,0
routes,1949.382,1129.852,0
routes,1945.288,1124.587,0
routes,1942.948,1121.37,0
routes,1940.315,1118.445,0
routes,1937.976,1115.228,0
routes,1934.758,1110.841,0
routes,1932.418,1107.624,0
routes,1930.079,1104.406,0
routes,1925.399,1097.972,0
routes,1923.059,1094.754,0
routes,1920.719,1091.537,0
routes,1918.379,1088.32,0
routes,1916.04,1085.103,0
routes,1912.822,1080.715,0
routes,1910.482,1077.498,0
routes,1908.143,1074.281,0
routes,1906.095,1071.063,0
routes,1903.755,1067.846,0
routes,1900.831,1064.044,0
routes,1898.491,1060.827,0
routes,1896.151,1057.609,0
routes,1893.811,1054.392,0
routes,1891.471,1051.175,0
routes,1889.131,1047.958,0
routes,1886.792,1044.74,0
routes,1884.452,1041.523,0
routes,1882.112,1038.306,0
routes,1879.772,1035.088,0
routes,1877.432,1031.871,0
routes,1875.092,1028.654,0
routes,1872.752,1025.437,0
routes,1869.828,1021.634,0
routes,1867.78,1018.417,0
routes,1865.44,1015.2,0
routes,1863.101,1011.982,0
routes,1860.761,1008.765,0
routes,1858.421,1005.548,0
routes,1856.081,1002.331,0
routes,1854.034,999.1133,0
